Tokyo	35.687	139.749	0	35676000
New York	40.722	-73.996	0	19040000
Mexico City	19.444	-99.133	0	19028000
Mumbai	19.068	72.876	0	18978000
São Paulo	-23.557	-46.627	0	18845000
Shanghai	31.218	121.435	0	14987000
Kolkata	22.570	88.369	0	14787000
Los Angeles	34.049	-118.232	0	12500000
Cairo	30.052	31.248	0	11893000
Rio de Janeiro	-22.907	-43.212	0	11748000
Beijing	39.902	116.394	0	11106000
Moscow	55.754	37.614	0	10452000
Istanbul	41.018	28.974	0	10061000
Paris	48.858	2.353	0	9904000
Lagos	6.445	3.390	0	9466000
Jakarta	-6.172	106.827	0	9125000
London	51.502	-0.119	0	8567000
Bogota	4.598	-74.085	0	7772000
Hong Kong	22.307	114.183	0	7206000
Santiago	-33.440	-70.651	0	5720000
Singapore	1.295	103.854	0	5183700
Sydney	-33.871	151.213	0	4630000
Riyadh	24.634	46.720	0	4465000
Washington,  D.C.	38.901	-77.011	0	4338000
Rome	41.898	12.481	0	3339000
Cape Town	-33.918	18.433	0	3215000
Nairobi	-1.281	36.815	0	3010000
Buenos Aires	-34.611	-58.433	1	12795000
Ōsaka	34.691	135.504	1	11294000
Manila	14.606	120.980	1	11100000
Seoul	37.568	126.998	1	9796000
Chicago	41.848	-87.635	1	8990000
Lima	-12.046	-77.052	1	8012000
Tehran	35.674	51.422	1	7873000
Kinshasa	-4.328	15.313	1	7843000
Taipei	25.036	121.568	1	6900273
Bengaluru	12.972	77.558	1	6787000
Bangkok	13.752	100.515	1	6704000
Miami	25.790	-80.226	1	5585000
Madrid	40.402	-3.685	1	5567000
Toronto	43.665	-79.389	1	5213000
Baghdad	33.341	44.392	1	5054000
Atlanta	33.739	-84.368	1	4506000
Houston	29.741	-95.348	1	4459000
Melbourne	-37.818	144.973	1	4170000
Chengdu	30.672	104.068	1	4123000
Monterrey	25.672	-100.332	1	3712000
Ürümqi	43.807	87.573	1	3575000
San Francisco	37.784	-122.400	1	3450000
Johannesburg	-26.168	28.028	1	3435000
Berlin	52.524	13.400	1	3406000
Kabul	34.519	69.181	1	3277000
Athens	37.985	23.731	1	3242000
Casablanca	33.602	-7.618	1	3181000
Addis Ababa	9.035	38.698	1	3100000
Caracas	10.503	-66.919	1	2985000
Kyiv	50.435	30.515	1	2709000
Dakar	14.718	-17.475	1	2604000
Vienna	48.202	16.365	1	2400000
Vancouver	49.275	-123.124	1	2313328
Denver	39.741	-104.986	1	2313000
Tashkent	41.304	69.269	1	2184000
Dubai	25.215	55.287	1	1379000
Auckland	-36.848	174.763	1	1377200
Stockholm	59.324	18.066	1	1264000
Geneva	46.210	6.140	1	1240000
Amsterdam	52.352	4.915	1	1031000
New Delhi	28.600	77.200	1	317797
Delhi	28.672	77.228	2	15926000
Dhaka	23.725	90.407	2	12797394
Karachi	24.872	66.988	2	12130000
Guangzhou	23.125	113.262	2	8829000
Shenzhen	22.548	114.061	2	7581000
Wuhan	30.582	114.268	2	7243000
Tianjin	39.083	117.197	2	7180000
Chennai	13.092	80.278	2	7163000
Lahore	31.562	74.348	2	6577000
Chongqing	29.567	106.593	2	6461000
Hyderabad	17.402	78.478	2	6376000
Philadelphia	39.946	-75.180	2	5492000
Ahmedabad	23.032	72.578	2	5375000
Ho Chi Minh City	10.762	106.703	2	5314000
Luanda	-8.836	13.232	2	5172900
Barcelona	41.385	2.181	2	4920000
Dallas	32.772	-96.795	2	4798000
Shenyeng	41.807	123.448	2	4787000
Khartoum	15.590	32.532	2	4754000
Pune	18.516	73.852	2	4672000
St.  Petersburg	59.941	30.314	2	4553000
Chattogram	22.332	91.798	2	4529000
Dongguan	23.022	113.750	2	4528000
Boston	42.332	-71.072	2	4467000
Hanoi	21.035	105.848	2	4378000
Guadalajara	20.672	-103.332	2	4198000
Alexandria	31.202	29.948	2	4165000
Detroit	42.334	-83.051	2	4101000
Yangon	16.785	96.165	2	4088000
Xian	34.277	108.893	2	4009000
Porto Alegre	-30.048	-51.202	2	3917000
Surat	21.202	72.838	2	3842000
Abidjan	5.323	-4.020	2	3802000
Brasília	-15.781	-47.918	2	3716996
Ankara	39.929	32.862	2	3716000
Nanjing	32.052	118.778	2	3679000
Montréal	45.502	-73.585	2	3678000
Guiyang	26.582	106.718	2	3662000
Recife	-8.061	-34.909	2	3651000
Harbin	45.752	126.648	2	3621000
Fortaleza	-3.748	-38.582	2	3602319
Phoenix	33.448	-112.067	2	3551000
Salvador	-12.968	-38.482	2	3484000
Algiers	36.765	3.049	2	3354000
Pyongyang	39.021	125.753	2	3300000
Medellín	6.277	-75.577	2	3297000
Changchun	43.867	125.338	2	3183000
Kanpur	26.462	80.318	2	3162000
Kano	12.002	8.518	2	3140000
Tel Aviv	32.082	34.768	2	3112000
Curitiba	-25.418	-49.322	2	3084000
Seattle	47.600	-122.315	2	3074000
Zibo	36.821	117.996	2	3061000
Jeddah	21.519	39.217	2	3012000
Hangzhou	30.252	120.168	2	3007000
Milan	45.472	9.203	2	2945000
Kunming	25.043	102.697	2	2931000
Dar es Salaam	-6.798	39.266	2	2930000
Jaipur	26.923	75.808	2	2917000
San Diego	32.719	-117.151	2	2916000
Taiyuan	37.877	112.543	2	2913000
Frankfurt	50.100	8.675	2	2895000
Surabaya	-7.247	112.749	2	2845000
Lisbon	38.725	-9.147	2	2812000
Jinan	36.677	116.993	2	2798000
Aleppo	36.232	37.168	2	2738000
Durban	-29.861	31.011	2	2729000
Zhengzhou	34.757	113.663	2	2636000
Minneapolis	44.982	-93.254	2	2616000
Fuzhou	26.082	119.298	2	2606000
Changsha	28.202	112.968	2	2604000
Lanzhou	36.058	103.790	2	2561000
Sapporo	43.077	141.338	2	2544000
Guayaquil	-2.218	-79.922	2	2514000
Mashhad	36.272	59.568	2	2469000
Damascus	33.502	36.298	2	2466000
Nagpur	21.172	79.088	2	2454000
Bandung	-6.948	107.568	2	2394000
Nanchang	28.682	115.878	2	2350000
Tampa	27.949	-82.461	2	2314000
Cali	3.402	-76.502	2	2254000
Naples	40.842	14.243	2	2250000
St. Louis	38.637	-90.242	2	2199000
Puebla	19.033	-98.204	2	2195000
Tripoli	32.892	13.180	2	2189000
Havana	23.134	-82.366	2	2174000
Nanning	22.822	108.318	2	2167000
Belém	-1.448	-48.482	2	2167000
Patna	25.627	85.128	2	2158000
Santo Domingo	18.471	-69.930	2	2154000
Accra	5.552	-0.219	2	2121000
Medan	3.582	98.648	2	2115000
Maracaibo	10.732	-71.662	2	2072000
Kuwait City	29.372	47.976	2	2063000
Hiroshima	34.390	132.441	2	2045000
Baotou	40.654	109.820	2	2036000
Goiânia	-16.718	-49.302	2	2022000
Sanaa	15.357	44.205	2	2008000
Bucharest	44.435	26.098	2	1942000
Hamburg	53.552	9.998	2	1757000
Brussels	50.835	4.331	2	1743000
Warsaw	52.231	21.005	2	1707000
Budapest	47.502	19.081	2	1679000
Perth	-31.953	115.838	2	1532000
Kuala Lumpur	3.140	101.689	2	1448000
Makkah	21.432	39.818	2	1385000
Munich	48.132	11.573	2	1275000
Prague	50.087	14.423	2	1162000
Helsinki	60.164	24.932	2	1115000
Zürich	47.382	8.548	2	1108000
København	55.681	12.562	2	1085000
Dublin	53.347	-6.257	2	1059000
Edmonton	53.552	-113.502	2	1058000
Monrovia	6.315	-10.800	2	1041000
Oslo	59.919	10.748	2	835000
Honolulu	21.303	-157.858	2	786000
New Orleans	29.969	-90.088	2	785000
Anchorage	61.214	-149.887	2	260283
Kaohsiung	22.633	120.267	3	2769072
San Juan	18.440	-66.130	3	2478905
Tunis	36.803	10.180	3	2412500
Baku	40.397	49.860	3	2122300
Santa Cruz	-17.752	-63.228	3	2102998
Port-au-Prince	18.543	-72.338	3	1998000
Cleveland	41.472	-81.697	3	1890000
Portland	45.522	-122.682	3	1875000
Asunción	-25.291	-57.626	3	1870000
Brisbane	-27.453	153.033	3	1860000
Beirut	33.874	35.508	3	1846000
Pittsburgh	40.432	-80.002	3	1838000
Las Vegas	36.165	-115.151	3	1823000
Minsk	53.902	27.565	3	1805000
Valencia	10.232	-67.982	3	1770000
Manaus	-3.098	-60.002	3	1753000
Palembang	-2.978	104.748	3	1749000
Bhopal	23.252	77.408	3	1727000
Rabat	34.025	-6.836	3	1705000
Quito	-0.213	-78.502	3	1701000
Antananarivo	-18.915	47.515	3	1697000
Coimbatore	11.002	76.948	3	1696000
San Jose	37.331	-121.888	3	1668000
Qiqihar	47.347	123.988	3	1641000
Cincinnati	39.164	-84.459	3	1636000
Isfahan	32.702	51.698	3	1628000
Yaoundé	3.869	11.515	3	1611000
Sacramento	38.577	-121.472	3	1604000
Shantou	23.372	116.668	3	1601000
La Paz	-16.496	-68.152	3	1590000
Abuja	9.055	7.490	3	1576000
Harare	-17.816	31.043	3	1572000
Tijuana	32.502	-117.082	3	1553000
Vishakhapatnam	17.683	83.220	3	1529000
Multan	30.202	71.453	3	1522000
Montevideo	-34.905	-56.187	3	1513000
Bamako	12.652	-8.002	3	1494000
Conakry	9.533	-13.682	3	1494000
San Antonio	29.420	-98.493	3	1473000
Phnom Penh	11.552	104.915	3	1466000
Hyderabad	25.382	68.373	3	1459000
Lomé	6.134	1.221	3	1452000
Córdoba	-31.398	-64.184	3	1452000
Huainan	32.632	116.978	3	1451000
Maputo	-25.953	32.587	3	1446000
San Salvador	13.703	-89.216	3	1433000
Lyon	45.772	4.828	3	1423000
Kampala	0.319	32.581	3	1420000
Davao	7.112	125.628	3	1402000
Semarang	-6.965	110.418	3	1396000
Novosibirsk	55.032	82.958	3	1389000
Milwaukee	43.030	-87.917	3	1388000
Brazzaville	-4.257	15.283	3	1355000
Lubumbashi	-11.678	27.478	3	1352000
Varanasi	25.332	82.998	3	1352000
Pretoria	-25.705	28.227	3	1338000
Lusaka	-15.415	28.281	3	1328000
Asansol	23.685	86.981	3	1328000
Yekaterinburg	56.852	60.598	3	1313000
Peshawar	34.007	71.533	3	1303000
Jamshedpur	22.789	86.196	3	1300000
Madurai	9.922	78.118	3	1294000
San José	9.930	-84.079	3	1284000
Panama City	8.970	-79.535	3	1281000
Nizhny Novgorod	56.335	43.998	3	1278000
Makassar	-5.138	119.430	3	1262000
Shiraz	29.632	52.568	3	1240000
Seville	37.405	-5.980	3	1212045
Amritsar	31.642	74.868	3	1212000
Almaty	43.327	76.913	3	1209000
Sofia	42.685	23.315	3	1185000
Banghazi	32.119	20.065	3	1180000
Raleigh	35.773	-78.647	3	1163515
Glasgow	55.862	-4.239	3	1160000
Ouagadougou	12.372	-1.527	3	1149000
Ottawa	45.419	-75.702	3	1145000
Adelaide	-34.933	138.598	3	1145000
Samara	53.197	50.149	3	1137000
Kazan	55.752	49.124	3	1115000
Calgary	51.085	-114.082	3	1110000
Yerevan	40.183	44.512	3	1102000
Mogadishu	2.069	45.365	3	1100000
Tbilisi	41.727	44.789	3	1100000
Huambo	-12.748	15.758	3	1100000
Belgrade	44.821	20.466	3	1099000
Bhilai	21.211	81.372	3	1097000
Dushanbe	38.560	68.774	3	1086244
Memphis	35.145	-90.029	3	1081000
Amman	31.952	35.931	3	1060000
Xining	36.622	101.768	3	1048000
Norfolk	36.850	-76.280	3	1047869
Jerusalem	31.778	35.207	3	1029300
Guatemala City	14.623	-90.529	3	1024000
Florianópolis	-27.578	-48.522	3	1023000
Port Elizabeth	-33.968	25.598	3	1021000
Ufa	54.792	56.038	3	1018000
Buffalo	42.882	-78.882	3	1016000
Fez	34.057	-5.002	3	1002000
Aden	12.780	45.009	3	1000000
Perm	58.002	56.248	3	997000
Yinchuan	38.470	106.271	3	991000
N'Djamena	12.115	15.047	3	989000
Guilin	25.282	110.278	3	987000
Volgograd	48.712	44.498	3	984000
Salt Lake City	40.777	-111.932	3	966000
Mérida	20.969	-89.619	3	965000
Pingxiang	27.622	113.848	3	961000
Kozhikode	11.252	75.768	3	953000
Tegucigalpa	14.104	-87.219	3	946000
Kingston	17.977	-76.767	3	937700
Naypyidaw	19.769	96.117	3	930000
Krasnoyarsk	56.016	92.864	3	925000
Managua	12.155	-86.270	3	920000
Niamey	13.519	2.115	3	915000
Tirana	41.328	19.819	3	895350
Kathmandu	27.719	85.315	3	895000
Mendoza	-32.881	-68.819	3	893000
Concepción	-36.830	-73.050	3	889725
Cartagena	10.402	-75.516	3	887000
Ulaanbaatar	47.919	106.915	3	885000
Mombasa	-4.038	39.688	3	882000
Omaha	41.240	-96.010	3	877110
Nashville	36.172	-86.782	3	877000
Marrakesh	31.632	-8.002	3	872000
Palermo	38.127	13.348	3	863000
Tampico	22.300	-97.870	3	859419
Padang	-0.958	100.358	3	855000
Valparaíso	-33.048	-71.617	3	854000
Bhubaneswar	20.272	85.825	3	844000
Bishkek	42.875	74.583	3	837000
Bangui	4.367	18.558	3	831925
Thessaloniki	40.698	22.883	3	828000
Freetown	8.472	-13.236	3	827000
Cebu	10.322	123.898	3	815000
Valencia	39.487	-0.402	3	808000
Oran	35.712	-0.622	3	798000
Chihuahua	28.647	-106.087	3	793000
Oklahoma City	35.472	-97.521	3	788000
Islamabad	33.689	73.081	3	780000
Campo Grande	-20.448	-54.619	3	778000
Trujillo	-8.120	-79.020	3	765171
Cotonou	6.363	2.404	3	762000
Vientiane	17.967	102.600	3	754000
Ciudad Guayana	8.370	-62.620	3	746535
Riga	56.950	24.100	3	742572
Nouakchott	18.086	-15.975	3	742144
Muscat	23.585	58.378	3	734697
Sokoto	13.060	5.240	3	732178
Ashgabat	37.950	58.383	3	727700
Zagreb	45.800	16.000	3	722526
Acapulco	16.850	-99.916	3	715584
Kandahar	31.610	65.695	3	715542
Samarkand	39.670	66.945	3	708000
Bulawayo	-20.170	28.580	3	699385
Sarajevo	43.850	18.383	3	696731
Enugu	6.450	7.500	3	688862
Chișinău	47.005	28.858	3	688134
Lilongwe	-13.983	33.783	3	646750
Kikwit	-5.030	18.850	3	637736
Winnipeg	49.883	-97.166	3	632063
Québec	46.840	-71.246	3	624177
Asmara	15.333	38.933	3	620802
Luxor	25.700	32.650	3	609248
Bandjarmasin	-3.330	114.580	3	603576
Abu Dhabi	24.467	54.367	3	603492
Barnaul	53.355	83.745	3	599579
Vladivostok	43.130	131.910	3	587022
Irkutsk	52.285	104.284	3	586695
Hami	42.827	93.515	3	580000
Veracruz	19.177	-96.160	3	578963
Libreville	0.385	9.458	3	578156
Mar del Plata	-38.000	-57.580	3	555897
Vilnius	54.683	25.317	3	542366
Cancún	21.170	-86.830	3	542043
Newcastle	-32.930	151.770	3	540796
Tomsk	56.495	84.975	3	535479
Beira	-19.820	34.870	3	530604
Kashgar	39.476	75.970	3	506640
Macapá	0.033	-51.050	3	499166
Port Sudan	19.616	37.216	3	489725
Feira de Santana	-12.250	-38.970	3	481911
Tuxtla Gutiérrez	16.750	-93.150	3	481128
Hargeisa	9.560	44.065	3	477876
Bloemfontein	-29.120	26.230	3	463064
Qaraghandy	49.885	73.115	3	451800
San Cristóbal	7.770	-72.250	3	438798
Nagasaki	32.765	129.885	3	435455
Kolwezi	-10.717	25.472	3	418000
Hotan	37.100	79.927	3	408894
Zanzibar	-6.160	39.200	3	403658
Bissau	11.865	-15.598	3	403339
Kassala	15.460	36.390	3	401477
Surgut	61.260	73.425	3	400000
Tallinn	59.434	24.728	3	394024
Wellington	-41.292	174.777	3	393400
Nyala	12.060	24.890	3	392373
Iloilo	10.705	122.545	3	387681
Des Moines	41.580	-93.620	3	380655
Sevastopol	44.604	33.524	3	379200
Valletta	35.900	14.515	3	368250
Mazatlán	23.221	-106.420	3	368204
Christchurch	-43.535	172.630	3	363200
Maseru	-29.317	27.483	3	361324
Cusco	-13.525	-71.972	3	361182
Halifax	44.650	-63.600	3	359111
Posadas	-27.358	-55.885	3	357119
Archangel	64.575	40.545	3	356051
Nur-Sultan	51.181	71.428	3	345604
Boise	43.609	-116.227	3	338071
Canberra	-35.283	149.129	3	327700
Maroua	10.596	14.325	3	319941
Murmansk	68.970	33.100	3	319263
Antofagasta	-23.650	-70.400	3	309832
Chita	52.055	113.465	3	308500
Bandar Seri Begawan	4.883	114.933	3	296500
Mbeya	-8.890	33.430	3	291649
Victoria	48.433	-123.350	3	289625
Port Moresby	-9.465	147.193	3	283733
Bahía Blanca	-38.740	-62.265	3	281536
Tacna	-18.000	-70.250	3	280098
Ica	-14.068	-75.725	3	279420
Windhoek	-22.570	17.084	3	268132
Georgetown	6.802	-58.167	3	264350
Paramaribo	5.835	-55.167	3	254169
Jackson	32.299	-90.185	3	250902
Bratsk	56.157	101.615	3	246348
Matadi	-5.817	13.450	3	245862
Yakutsk	62.035	129.735	3	235600
Boa Vista	2.816	-60.666	3	235150
Dili	-8.559	125.579	3	234331
Santarém	-2.433	-54.700	3	230428
Zinder	13.800	8.983	3	230358
Nassau	25.083	-77.350	3	227940
Iquique	-20.250	-70.130	3	227499
Sucre	-19.041	-65.260	3	224838
Nacala	-14.519	40.715	3	224795
Nicosia	35.167	33.367	3	224300
Lhasa	29.645	91.100	3	219599
Colombo	6.932	79.858	3	217000
Bergen	60.391	5.325	3	213585
Gaborone	-24.646	25.912	3	208411
Yamoussoukro	6.818	-5.276	3	206499
Saskatoon	52.170	-106.670	3	198958
Tarakan	3.300	117.633	3	193069
Petropavlovsk-Kamchatsky	53.062	158.623	3	187282
Regina	50.450	-104.617	3	176183
Suva	-18.133	178.442	3	175399
Puerto Montt	-41.470	-72.930	3	174629
Reykjavík	64.143	-21.937	3	166212
Marabá	-5.350	-49.116	3	166182
Bumba	2.190	22.460	3	160539
Valdivia	-39.822	-73.233	3	159599
Abéché	13.840	20.830	3	158317
Gondar	12.610	37.460	3	156230
Malabo	3.750	8.783	3	155963
Jiayuguan	39.820	98.300	3	148279
Trondheim	63.417	10.417	3	147139
Comodoro Rivadavia	-45.870	-67.500	3	140850
Townsville	-19.250	146.770	3	138954
Caxias	-4.833	-43.350	3	134640
St. John's	47.585	-52.681	3	131469
Wau	7.700	27.990	3	127384
Ghardaia	32.490	3.670	3	125480
Agadez	16.996	7.983	3	117770
Punta Arenas	-53.165	-70.940	3	117430
Port-Gentil	-0.720	8.780	3	116836
Praia	14.917	-23.517	3	113364
Malé	4.172	73.509	3	112927
Sabha	27.033	14.433	3	100249
Thunder Bay	48.446	-89.275	3	99334
Thimphu	27.473	89.639	3	98676
Magadan	59.575	150.810	3	95282
Darwin	-12.425	130.850	3	93080
Santa Fe	35.687	-105.937	3	92681
São Tomé	0.337	6.730	3	88219
Río Gallegos	-51.633	-69.217	3	85700
Hobart	-42.850	147.295	3	80870
Erdenet	49.053	104.118	3	79647
Honiara	-9.438	159.950	3	76328
Tamanrasset	22.785	5.523	3	76000
Riberalta	-10.983	-66.100	3	74014
Cheyenne	41.140	-104.820	3	72927
Timbuktu	16.767	-3.017	3	68872
Ji-Paraná	-10.833	-61.967	3	65016
Bismarck	46.808	-100.783	3	63871
Vilhena	-12.717	-60.117	3	63231
Apia	-13.836	-171.769	3	61916
Cayenne	4.933	-52.330	3	61550
Leticia	-4.201	-69.955	3	59575
Fairbanks	64.837	-147.711	3	56993
Cruzeiro do Sul	-7.630	-72.670	3	56862
Tromsø	69.635	18.992	3	52436
Hamilton	32.294	-64.784	3	52320
Atar	20.517	-13.050	3	44265
Port Vila	-17.733	168.317	3	44040
Nuku'alofa	-21.139	-175.221	3	42620
Charlottetown	46.249	-63.131	3	42402
Helena	46.593	-112.035	3	38725
Victoria	-4.617	55.450	3	33576
Djenné	13.900	-4.550	3	32944
Juneau	58.303	-134.401	3	30711
Alice Springs	-23.701	133.880	3	27710
Dongola	19.167	30.483	3	26404
Grootfontein	-19.567	18.117	3	24099
Whitehorse	60.717	-135.050	3	23276
Yellowknife	62.442	-114.397	3	19234
Belmopan	17.252	-88.767	3	15220
Nuuk	64.198	-51.733	3	14798
Prince Rupert	54.317	-130.330	3	14708
Pierre	44.368	-100.351	3	13879
Menongue	-14.667	17.700	3	13030
Obo	5.400	26.500	3	12887
N'Délé	8.409	20.653	3	11764
Anadyr	64.737	177.475	3	10332
Kodiak	57.790	-152.407	3	9461
Bethel	60.793	-161.756	3	6228
Mitú	1.198	-70.174	3	5917
Tiksi	71.627	128.835	3	5700
Utqiaġvik	71.291	-156.789	3	4336
Valdez	61.136	-146.348	3	4036
Palana	59.084	159.950	3	3671
Nome	64.506	-165.406	3	3485
Puerto Deseado	-47.750	-65.900	3	3305
Prudhoe Bay	70.292	-148.669	3	2500
Stanley	-51.700	-57.850	3	2213
Nain	56.547	-61.686	3	1151
Dikson	73.507	80.545	3	1113
Churchill	58.766	-94.166	3	1000
Naujaat	66.529	-86.283	3	1000
Arctic Bay	73.033	-85.167	3	604
Fort Good Hope	66.267	-128.633	3	597
Point Hope	68.348	-166.808	3	461
Nizhneyansk	71.433	136.067	3	400
Resolute	74.683	-94.900	3	250
Cold Bay	55.200	-162.715	3	200
Fort Severn	55.983	-87.650	3	125
Amaravati	16.534	80.524	4	5800000
Belo Horizonte	-19.913	-43.917	4	5575000
Busan	35.097	129.008	4	3480000
Nagoya	35.157	136.913	4	3230000
Dalian	38.925	121.628	4	3167000
Qingdao	36.092	120.328	4	2866000
Fukuoka	33.597	130.408	4	2792000
Campinas	-22.908	-47.056	4	2791000
Lucknow	26.857	80.913	4	2695000
Taichung	24.152	120.682	4	2629323
Ibadan	7.382	3.928	4	2628000
İzmir	38.438	27.150	4	2587000
Incheon	37.478	126.640	4	2550000
Xiamen	24.452	118.078	4	2519000
George Town	5.414	100.329	4	2500000
Jinxi	40.752	120.828	4	2426000
Shijiazhuang	38.052	114.478	4	2417000
Jilin	43.852	126.548	4	2396000
Omdurman	15.617	32.480	4	2395159
Wenzhou	28.022	120.648	4	2350000
Birmingham	52.477	-1.922	4	2285000
Baltimore	39.282	-76.615	4	2255000
Sendai	38.268	140.870	4	2250000
Manchester	53.475	-2.249	4	2230000
Nanchong	30.782	106.128	4	2174000
Zaozhuang	34.882	117.568	4	2145000
Yantai	37.532	121.398	4	2116000
Xuzhou	34.282	117.178	4	2091000
Linyi	35.082	118.328	4	2082000
Hefei	31.852	117.278	4	2035000
Indore	22.717	75.863	4	2026000
Haiphong	20.832	106.678	4	1969000
Suzhou	33.638	116.977	4	1964000
Nanyang	33.002	112.528	4	1944000
Ningbo	29.882	121.548	4	1923000
Douala	4.062	9.708	4	1906000
Kyoto	35.032	135.748	4	1805000
Barranquilla	10.962	-74.802	4	1798000
Vadodara	22.312	73.178	4	1756000
Wuxi	31.582	120.298	4	1749000
San Bernardino	34.122	-117.302	4	1745000
Hohhot	40.822	111.658	4	1726000
Daqing	46.582	124.998	4	1693000
Suzhou	31.302	120.618	4	1650000
Ludhiana	30.930	75.870	4	1649000
Anshan	41.117	122.938	4	1639000
Handan	36.582	114.478	4	1631000
Agra	27.172	78.013	4	1592000
Zhanjiang	21.202	110.378	4	1590000
Khulna	22.842	89.558	4	1553000
Santiago	19.500	-70.670	4	1550753
Kochi	10.017	76.222	4	1519000
Gujranwala	32.162	74.183	4	1513000
Florence	43.780	11.250	4	1500000
Bursa	40.202	29.068	4	1492000
León	21.152	-101.702	4	1488000
Nasik	20.002	73.778	4	1473000
Kansas City	39.109	-94.606	4	1469000
Daejeon	36.337	127.423	4	1468000
Neijiang	29.582	105.048	4	1466000
Quanzhou	24.902	118.578	4	1463000
Kharkiv	50.002	36.248	4	1461000
Doha	25.287	51.533	4	1450000
Kaduna	10.522	7.438	4	1442000
Ft.  Worth	32.740	-97.340	4	1440454
Gwangju	35.173	126.908	4	1440000
Indianapolis	39.752	-86.172	4	1436000
Tabriz	38.088	46.299	4	1413000
The Hague	52.080	4.270	4	1406000
Marseille	43.292	5.373	4	1400000
Meerut	29.002	77.698	4	1398000
Mianyang	31.465	104.690	4	1396000
Faridabad	28.435	77.315	4	1394000
Orlando	28.512	-81.382	4	1350000
Ghaziabad	28.662	77.406	4	1341000
Mosul	36.347	43.143	4	1316000
Mandalay	21.972	96.083	4	1300000
Mbuji-Mayi	-6.148	23.598	4	1295000
Adana	36.997	35.318	4	1293000
Jabalpur	23.177	79.953	4	1285000
Chifeng	42.272	118.948	4	1277000
Huaiyin	33.585	119.066	4	1264000
Rajkot	22.312	70.798	4	1260000
Dhanbad	23.802	86.418	4	1246000
Tianshui	34.602	105.918	4	1225000
Liupanshui	26.596	104.831	4	1221000
Vila Velha	-20.338	-40.290	4	1209091
Rosario	-32.949	-60.668	4	1203000
Allahabad	25.457	81.838	4	1201000
Benin City	6.342	5.618	4	1190000
Maceió	-9.618	-35.732	4	1186000
Austin	30.269	-97.745	4	1161000
Torreón	25.572	-103.422	4	1144000
Srinagar	34.069	74.828	4	1140000
Vijayawada	16.522	80.628	4	1137000
Omsk	54.992	73.398	4	1135000
Yulin	22.632	110.148	4	1127000
Aurangabad	19.862	75.329	4	1113000
Ankang	32.680	109.020	4	1100000
Chelyabinsk	55.157	61.437	4	1091000
Natal	-5.778	-35.242	4	1088000
Sholapur	17.672	75.898	4	1057000
Rostov	47.237	39.711	4	1052000
Dnipro	48.482	34.998	4	1050000
Ranchi	23.372	85.328	4	1044000
São Luís	-2.514	-44.268	4	1038000
Port Harcourt	4.812	7.008	4	1020000
Jiamusi	46.832	130.348	4	1020000
Bridgeport	41.182	-73.202	4	1018000
Hengyang	26.882	112.588	4	1016000
Medina	24.502	39.578	4	1010000
Da Nang	16.060	108.250	4	1000000
Baoshan	25.120	99.150	4	1000000
Ahvaz	31.282	48.718	4	996000
Jodhpur	26.294	73.015	4	995000
San Luis Potosí	22.172	-101.002	4	992000
Odessa	46.492	30.708	4	991000
Jacksonville	30.332	-81.672	4	988000
Donetsk	48.002	37.828	4	988000
Guwahati	26.162	91.768	4	983000
Chandigarh	30.722	76.778	4	979000
Gwalior	26.200	78.169	4	978000
Jixi	45.302	130.968	4	965000
Thiruvananthapuram	8.516	76.925	4	954000
Ogbomosho	8.132	4.238	4	951000
Tiruchirappalli	10.801	78.688	4	951000
General Santos	6.111	125.175	4	950530
Tulsa	36.120	-95.930	4	946962
Djibouti	11.595	43.148	4	923000
Konya	37.877	32.473	4	919000
Richmond	37.552	-77.452	4	912000
Teresina	-5.093	-42.782	4	907000
Naha	26.207	127.673	4	905238
Albuquerque	35.105	-106.641	4	898642
Maiduguri	11.852	13.158	4	896000
Hubballi	15.362	75.123	4	890000
Mysuru	12.312	76.658	4	887000
Mexicali	32.652	-115.482	4	885000
Tongliao	43.622	122.268	4	884000
Bilbao	43.250	-2.930	4	875552
Raipur	21.237	81.633	4	875000
Salem	11.672	78.178	4	873000
Basra	30.515	47.812	4	870000
Bandar Lampung	-5.428	105.268	4	865000
Kigali	-1.952	30.059	4	860000
Jullundur	31.337	75.567	4	855000
Shache	38.426	77.250	4	851374
Voronezh	51.665	39.187	4	844000
Saratov	51.582	46.028	4	843000
Warri	5.520	5.760	4	830106
Tucumán	-26.814	-65.219	4	830000
Kota	25.182	75.833	4	827000
Yueyang	29.382	113.098	4	826000
Tucson	32.207	-110.892	4	823000
Arequipa	-16.418	-71.532	4	815000
Rajshahi	24.377	88.603	4	810000
Culiacán	24.832	-107.382	4	809000
Cuiabá	-15.568	-56.087	4	806000
Aligarh	27.894	78.060	4	805000
Malang	-7.978	112.608	4	805000
Lviv	49.835	24.030	4	803880
Bordeaux	44.852	-0.597	4	803000
Jammu	32.714	74.845	4	791000
Moradabad	28.844	78.755	4	787000
Mangaluru	12.900	74.850	4	776632
Zamboanga	6.922	122.078	4	773000
Quetta	30.222	67.023	4	768000
Kananga	-5.888	22.398	4	765000
Kraków	50.062	19.958	4	756000
Rochester	43.172	-77.622	4	755000
El Paso	31.782	-106.512	4	753000
Taizz	13.606	44.037	4	751000
Kolhapur	16.700	74.220	4	750000
Gdańsk	54.360	18.640	4	740000
St.  Paul	44.944	-93.085	4	734854
Shaoguan	24.800	113.580	4	720266
Catania	37.500	15.080	4	674542
Najaf	32.000	44.335	4	665552
Syracuse	43.050	-76.150	4	662577
Pointe-Noire	-4.770	11.880	4	659084
Knoxville	35.970	-83.920	4	655400
Andijan	40.790	72.340	4	650000
Krasnodar	45.020	39.000	4	649851
Ulyanovsk	54.330	48.410	4	640680
Bur Said	31.260	32.290	4	623864
Nanded	19.197	77.308	4	623708
Dresden	51.050	13.750	4	617515
Fresno	36.748	-119.773	4	616353
Samsun	41.280	36.344	4	609339
Yaroslavl	57.620	39.870	4	606730
Constantine	36.360	6.600	4	605179
Kirkuk	35.472	44.392	4	601433
Hermosillo	29.099	-110.954	4	595811
Port Louis	-20.167	57.500	4	595491
Nagano	36.650	138.170	4	594311
Blantyre	-15.790	34.990	4	584877
Cuttack	20.470	85.890	4	580000
Khabarovsk	48.455	135.120	4	579000
Kisangani	0.520	25.220	4	578470
Quetzaltenango	14.830	-91.520	4	575263
Kuching	1.530	110.330	4	570407
Bouaké	7.690	-5.030	4	567481
Manama	26.236	50.583	4	563920
Uberlândia	-18.900	-48.280	4	563536
Sorocaba	-23.490	-47.470	4	563281
Santiago de Cuba	20.025	-75.821	4	555865
Surakarta	-7.565	110.825	4	555308
Ribeirão Preto	-21.170	-47.830	4	551267
Orenburg	51.780	55.110	4	550204
Tabuk	28.384	36.555	4	547957
Yining	43.900	81.350	4	542507
Novokuznetsk	53.750	87.115	4	539616
Matamoros	25.880	-97.500	4	538785
Oaxaca	17.083	-96.670	4	530728
Hamadan	34.796	48.515	4	528256
Gold Coast	-28.082	153.448	4	527660
Vancouver	45.630	-122.640	4	525802
Ryazan	54.620	39.720	4	520173
Tyumen	57.140	65.530	4	519119
Banda Aceh	5.550	95.320	4	513698
Salta	-24.783	-65.417	4	512686
Penza	53.180	45.000	4	512602
Suez	30.005	32.550	4	508335
Gaza City	31.530	34.445	4	505700
Annaba	36.920	7.760	4	503524
Akola	20.710	77.010	4	503502
Astrakhan	46.349	48.055	4	502533
Skopje	42.000	21.433	4	494087
Mwanza	-2.520	32.930	4	493944
Colorado Springs	38.863	-104.792	4	493654
Wuwei	37.928	102.641	4	493092
Santa Fe	-31.624	-60.690	4	489505
Saharanpur	29.970	77.550	4	484873
Kalaburagi	17.350	76.820	4	483615
Herat	34.330	62.170	4	481009
Yazd	31.920	54.370	4	477905
Kemerovo	55.340	86.090	4	477090
Shymkent	42.320	69.595	4	465392
Pristina	42.667	21.166	4	465186
Bandar-e-Abbas	27.204	56.272	4	461499
Iquitos	-3.750	-73.250	4	458729
Mazar-i-Sharif	36.700	67.100	4	458151
Kirov	58.590	49.670	4	457437
Belfast	54.594	-5.928	4	450406
Baguio	16.430	120.570	4	447824
San Juan	-31.550	-68.520	4	447048
Balikpapan	-1.250	116.830	4	445905
Bamenda	5.960	10.150	4	445299
Wuzhou	23.480	111.320	4	442315
Garoua	9.300	13.390	4	436899
Kaliningrad	54.700	20.497	4	434954
Laredo	27.506	-99.507	4	434768
Welkom	-27.970	26.730	4	431944
Bryansk	53.260	34.430	4	427236
Bratislava	48.150	17.117	4	423737
Baton Rouge	30.458	-91.140	4	422072
Asyut	27.190	31.180	4	420585
Magnitogorsk	53.423	58.980	4	413351
Huancayo	-12.080	-75.200	4	412733
Oujda	34.690	-1.910	4	409391
Kitwe	-12.810	28.220	4	404901
Tver	56.860	35.890	4	400212
Columbia	33.997	-81.031	4	398093
Chiang Mai	18.800	98.980	4	397211
Piura	-5.210	-80.630	4	396932
Al-Ubayyid	13.183	30.217	4	393311
Nampula	-15.136	39.293	4	388526
Misrata	32.380	15.100	4	386120
Pasto	1.214	-77.281	4	382236
Caxias do Sul	-29.180	-51.170	4	381270
Nizhny Tagil	57.920	59.975	4	381116
Xichang	27.880	102.300	4	379993
Vigo	42.220	-8.730	4	378952
Las Palmas	28.100	-15.430	4	378495
Manizales	5.060	-75.520	4	375848
Manukau	-37.000	174.885	4	375600
Gorontalo	0.550	123.070	4	365497
Larkana	27.562	68.207	4	364033
Stavropol	45.050	41.980	4	363064
Bhagalpur	25.230	86.980	4	361548
Ulan-Ude	51.825	107.625	4	360278
Bobo Dioulasso	11.180	-4.290	4	360106
Taraz	42.900	71.365	4	358153
Ambon	-3.717	128.200	4	355596
Safi	32.320	-9.240	4	353476
Eldoret	0.520	35.270	4	353381
Chimbote	-9.070	-78.570	4	349846
Nuevo Laredo	27.500	-99.550	4	349550
Spokane	47.670	-117.420	4	347705
Mérida	8.570	-71.183	4	345489
Arusha	-3.360	36.670	4	341136
Chitungwiza	-18.000	31.100	4	340360
East London	-32.970	27.870	4	338627
Kōchi	33.562	133.538	4	335570
Nakhon Ratchasima	15.000	102.100	4	334984
Montes Claros	-16.720	-43.860	4	332379
Bujumbura	-3.376	29.360	4	331700
Wonsan	39.160	127.431	4	329207
Pavlodar	52.300	76.950	4	329002
Reno	39.530	-119.820	4	328585
Sochi	43.590	39.730	4	327608
Sousse	35.830	10.625	4	327004
Iași	47.168	27.575	4	325914
Miyazaki	31.918	131.418	4	324384
Córdoba	37.880	-4.770	4	321376
Smolensk	54.783	32.047	4	320991
Ciudad del Este	-25.517	-54.616	4	320872
Pelotas	-31.750	-52.330	4	320674
Bukhara	39.780	64.430	4	319476
Oskemen	49.990	82.615	4	319067
El Faiyum	29.310	30.840	4	316772
Ljubljana	46.055	14.515	4	314807
Aswan	24.088	32.899	4	313442
Semey	50.435	80.275	4	311353
Pucallpa	-8.369	-74.535	4	310750
Vitória da Conquista	-14.850	-40.840	4	308204
Nalchik	43.498	43.618	4	307866
Porto Velho	-8.750	-63.900	4	306180
Constanța	44.203	28.610	4	303399
Hakodate	41.795	140.740	4	302984
Brest	52.100	23.700	4	300715
Qyzylorda	44.800	65.465	4	300000
Porto-Novo	6.483	2.617	4	300000
Port-of-Spain	10.652	-61.517	4	294934
Vologda	59.210	39.920	4	294889
Makurdi	7.730	8.530	4	292645
Ponta Grossa	-25.090	-50.160	4	292177
Sinuiju	40.086	124.421	4	288112
Cuenca	-2.900	-79.000	4	286878
Butembo	0.130	29.280	4	286403
Kupang	-10.179	123.583	4	282396
Zhytomyr	50.246	28.662	4	282192
Kaolack	14.150	-16.100	4	277812
Corpus Christi	27.743	-97.402	4	277454
Bern	46.917	7.467	4	275329
Mbandaka	0.040	18.260	4	274996
Venice	45.439	12.335	4	270816
Malmö	55.599	13.023	4	269349
Petrozavodsk	61.781	34.361	4	265025
Aqtobe	50.280	57.170	4	262457
Petrolina	-9.380	-40.510	4	260985
Tampere	61.500	23.750	4	259279
Rio Branco	-9.967	-67.800	4	257642
Dire Dawa	9.590	41.860	4	252279
Morogoro	-6.820	37.660	4	250902
Shreveport	32.500	-93.770	4	248053
Angarsk	52.560	103.920	4	243158
Berbera	10.436	45.016	4	242344
Le Havre	49.505	0.105	4	242124
Neuquén	-38.950	-68.060	4	242092
Ulan Hot	46.080	122.080	4	241894
Türkmenabat	39.110	63.580	4	234817
Niamey	13.492	7.096	4	232555
Hailar	49.200	119.700	4	231171
Zhangye	38.930	100.450	4	230728
Nukus	42.470	59.615	4	230006
Salem	44.928	-123.024	4	229010
Puducherry	11.935	79.830	4	227411
Grozny	43.319	45.699	4	226100
Colima	19.230	-103.720	4	223287
Formosa	-26.173	-58.183	4	221383
Blagoveshchensk	50.267	127.533	4	221296
Tallahassee	30.450	-84.280	4	221222
Dodoma	-6.183	35.750	4	218269
Laoag	18.199	120.594	4	207048
Bahir Dar	11.600	37.383	4	206748
Kalemie	-5.933	29.200	4	206257
Campeche	19.830	-90.500	4	205212
Pskov	57.830	28.330	4	201990
Kushiro	42.975	144.375	4	198566
Montgomery	32.362	-86.279	4	198325
Bridgetown	13.102	-59.617	4	191152
St.-Denis	-20.879	55.448	4	190047
La Paz	24.140	-110.320	4	189767
Kabwe	-14.440	28.450	4	188979
Quelimane	-17.880	36.890	4	188964
Parakou	9.340	2.620	4	188853
Laayoune	27.150	-13.200	4	188084
Ternate	0.793	127.363	4	187521
Arica	-18.500	-70.290	4	185999
Fianarantsoa	-21.433	47.083	4	184184
Atyrau	47.113	51.920	4	182753
Amarillo	35.230	-101.830	4	181766
Santa Barbara	34.411	-119.717	4	181632
Zuwara	32.934	12.079	4	180310
Savannah	32.021	-81.110	4	180187
Sittwe	20.140	92.880	4	179032
Mary	37.600	61.833	4	178708
Nogales	31.305	-110.945	4	178097
Yuzhno Sakhalinsk	46.965	142.740	4	176484
Bose	23.900	106.613	4	175282
George	-33.950	22.450	4	174582
Jayapura	-2.533	140.700	4	169341
Nzérékoré	7.760	-8.830	4	168121
Abakan	53.704	91.445	4	167289
Norilsk	69.340	88.225	4	165873
Livingstone	-17.860	25.860	4	165480
Geneina	13.450	22.440	4	162981
Fargo	46.877	-96.789	4	162842
Wilmington	34.226	-77.945	4	161560
Malakal	9.537	31.656	4	160765
Tarija	-21.517	-64.750	4	159269
Barreiras	-12.140	-45.000	4	158292
Surat Thani	9.150	99.340	4	157627
Olympia	47.038	-122.899	4	156984
Moundou	8.550	16.090	4	156705
Yulin	38.283	109.733	4	155960
Sioux Falls	43.550	-96.730	4	155724
Bei'an	48.246	126.529	4	154936
Battambang	13.100	103.200	4	154773
Mahajanga	-15.670	46.345	4	154657
La Serena	-29.900	-71.250	4	154521
Cairns	-16.888	145.763	4	154225
Mufulira	-12.550	28.260	4	153624
Benguela	-12.578	13.407	4	151226
Gejiu	23.380	103.150	4	149105
Hamilton	-37.778	175.290	4	148200
Gulu	2.780	32.280	4	146858
Podgorica	42.466	19.266	4	145850
Los Angeles	-37.480	-72.347	4	145239
Goma	-1.679	29.222	4	144124
Altay	47.867	88.117	4	142000
Dunhuang	40.143	94.662	4	140094
Shizuishan	39.233	106.769	4	136570
Moçâmedes	-15.190	12.160	4	132900
Topeka	39.050	-95.670	4	132091
Papeete	-17.533	-149.567	4	131695
Lae	-6.733	146.990	4	131052
Tete	-16.170	33.580	4	129316
Copiapó	-27.372	-70.330	4	129280
Xai-Xai	-25.040	33.640	4	128805
Ekibastuz	51.730	75.320	4	127868
Worcester	-33.640	19.440	4	127597
Malanje	-9.540	16.340	4	125856
Lubango	-14.910	13.490	4	125632
Rudniy	52.953	63.130	4	124000
Charleston	38.350	-81.633	4	123799
Ségou	13.440	-6.260	4	122952
Bandundu	-3.310	17.380	4	118211
Dunedin	-45.885	170.491	4	117700
Gao	16.267	-0.050	4	116967
Tahoua	14.900	5.260	4	115956
Sri Jayawardenepura Kotte	6.900	79.950	4	115826
Toliara	-23.357	43.690	4	115319
Kankan	10.390	-9.310	4	114009
Juba	4.830	31.580	4	111975
Kandy	7.280	80.670	4	111701
Santa Rosa	-36.620	-64.300	4	111424
Pemba	-12.983	40.532	4	110643
Mzuzu	-11.460	34.020	4	110201
David	8.433	-82.433	4	110037
Siem Reap	13.367	103.850	4	109398
Kyzyl	51.707	94.383	4	108240
Golmud	36.417	94.883	4	107092
Raba	-8.450	118.767	4	106101
Assab	13.010	42.730	4	105496
Billings	45.788	-108.540	4	104552
Guaymas	27.930	-110.890	4	103449
Houma	35.620	111.210	4	102400
Sakata	38.920	139.850	4	100446
Ust-Ilimsk	57.990	102.633	4	100271
Corumbá	-19.016	-57.650	4	96520
Mekele	13.500	39.470	4	95856
Bariloche	-41.150	-71.300	4	95394
Burlington	44.476	-73.212	4	93807
Mbabane	-26.317	31.133	4	90138
Francistown	-21.170	27.500	4	89979
Ebolowa	2.900	11.150	4	87875
Parepare	-4.017	119.633	4	87776
Nouadhibou	20.900	-17.056	4	86738
Limón	10.000	-83.033	4	85001
Trinidad	-14.833	-64.900	4	84259
Sault Ste. Marie	46.495	-84.345	4	83805
Antsiranana	-12.277	49.312	4	82937
Bendigo	-36.760	144.280	4	81657
Atakpamé	7.530	1.120	4	80683
Vorkuta	67.500	64.010	4	80039
Xigaze	29.250	88.883	4	80000
Kayes	14.450	-11.440	4	77207
Sundsvall	62.400	17.317	4	73389
Mandurah	-32.523	115.747	4	73356
Missoula	46.872	-113.993	4	72856
Upington	-28.460	21.230	4	71373
Türkmenbaşy	40.023	52.970	4	68292
Putrajaya	2.933	101.695	4	67964
Great Falls	47.500	-111.300	4	66558
Rockhampton	-23.364	150.520	4	65850
Flagstaff	35.198	-111.651	4	63993
Kristiansand	58.146	7.975	4	63814
Kasongo	-4.450	26.660	4	63000
Kayes	-4.180	13.280	4	62521
Tanjung Pandan	-2.750	107.650	4	62374
Bambari	5.762	20.667	4	62098
Ponta Delgada	37.748	-25.667	4	61526
Casper	42.847	-106.323	4	60791
Mt.  Hagen	-5.863	144.217	4	59064
Napier	-39.490	176.926	4	57800
Vaasa	63.100	21.600	4	57014
Puerto Ayacucho	5.664	-67.624	4	52526
Hilo	19.706	-155.082	4	52391
Walvis Bay	-22.958	14.505	4	52058
Mahalapye	-23.100	26.820	4	50744
North Bay	46.300	-79.450	4	50170
Kingstown	13.156	-61.220	4	49485
Luleå	65.597	22.158	4	48638
Serowe	-22.390	26.710	4	48573
Meru	0.060	37.640	4	47226
Coihaique	-45.570	-72.070	4	45787
Banjul	13.454	-16.592	4	43094
Franceville	-1.633	13.583	4	42967
Eureka	40.793	-124.150	4	42398
Alta Floresta	-9.900	-55.910	4	40466
Mirny	62.540	113.961	4	40308
Goroka	-6.083	145.385	4	39699
Minot	48.232	-101.296	4	39439
Orange	-33.280	149.100	4	39329
Castries	14.008	-60.993	4	37963
Sydney	46.066	-60.180	4	37538
Kalgoorlie	-30.735	121.460	4	36852
Saint John's	17.118	-61.850	4	35499
Timmins	48.467	-81.333	4	34974
Rovaniemi	66.500	25.716	4	34781
Durazno	-33.410	-56.510	4	34037
Saint George's	12.053	-61.742	4	33734
Choibalsan	48.067	114.506	4	33376
Mount Isa	-20.724	139.490	4	33200
Dubbo	-32.260	148.597	4	31574
Leh	34.162	77.572	4	30870
Dund-Us	48.017	91.633	4	30500
Blenheim	-41.514	173.955	4	30300
Cottica	3.850	-54.233	4	29210
Brandon	49.833	-99.950	4	28418
Geraldton	-28.767	114.600	4	27258
Colíder	-10.817	-55.451	4	27139
Okha	53.574	142.948	4	26560
Albany	-35.017	117.892	4	26445
Rawson	-43.300	-65.100	4	26335
Lensk	60.725	114.947	4	25589
Freeport	26.533	-78.700	4	25383
Aldan	58.603	125.389	4	24426
Al Jawf	24.200	23.290	4	24132
Augusta	44.311	-69.780	4	24042
Roseau	15.301	-61.387	4	23336
Armidale	-30.512	151.667	4	22673
Whyalla	-33.025	137.561	4	22559
Basseterre	17.302	-62.717	4	21887
Fort McMurray	56.733	-111.383	4	21863
Kaédi	16.150	-13.500	4	21656
Devonport	-41.193	146.331	4	19317
Elko	40.833	-115.762	4	19252
Fort St. John	56.250	-120.833	4	18776
Middelburg	-31.500	25.010	4	18164
Broken Hill	-31.950	141.433	4	17395
Karratha	-20.730	116.870	4	16796
Dispur	26.144	91.767	4	16140
Griffith	-34.290	146.040	4	15455
International Falls	48.601	-93.411	4	15240
Lüderitz	-26.648	15.159	4	15137
Dalandzadgad	43.584	104.440	4	15093
Port Hedland	-20.310	118.606	4	14288
Wangaratta	-36.360	146.300	4	14022
Thompson	55.750	-97.867	4	13727
Port Lincoln	-34.733	135.867	4	13630
Broome	-17.962	122.231	4	13218
Pago Pago	-14.277	-170.707	4	12576
Portland	-38.340	141.590	4	11808
Santa Cruz	-0.533	-90.350	4	11262
Springbok	-29.667	17.883	4	10438
Labrador City	52.941	-66.916	4	10313
Alvorada	-12.470	-49.082	4	10232
Busselton	-33.656	115.349	4	10214
Katherine	-14.467	132.267	4	10141
Hammerfest	70.661	23.688	4	10000
Ust-Nera	64.567	143.200	4	9148
Sitka	57.060	-135.328	4	8931
Dalnegorsk	44.537	135.517	4	8123
Rabaul	-4.205	152.143	4	8074
El Calafate	-50.333	-72.300	4	8000
Iqaluit	63.750	-68.500	4	6124
Okhotsk	59.383	143.217	4	5570
Peace River	56.233	-117.283	4	5340
Sisimiut	66.950	-53.667	4	5227
Batagay	67.656	134.635	4	4266
Bukachacha	52.983	116.917	4	3372
Ugolnye Kopi	64.733	177.700	4	3367
Zhigansk	66.770	123.371	4	3237
Khatanga	72.041	102.465	4	3205
Chokurdakh	70.618	147.895	4	2506
Arviat	61.109	-94.059	4	1868
Igloolik	69.257	-81.794	4	1612
Cambridge Bay	69.117	-105.033	4	1477
Ayoun el Atrous	16.667	-9.617	4	1423
Dawson City	64.067	-139.417	4	1319
Kugluktuk	67.799	-115.125	4	1302
Kuujjuaq	58.100	-68.400	4	1273
Kuujjuarapik	55.281	-77.766	4	1243
Upernavik	72.709	-56.142	4	1129
Taloyoak	69.533	-93.533	4	774
Qaanaaq	77.467	-69.230	4	616
Fort Smith	60.000	-111.883	4	518
Tmassa	26.367	15.800	4	500
Chesterfield Inlet	63.338	-90.700	4	374
Windorah	-25.433	142.650	4	158
Narsarsuaq	61.167	-45.417	4	145
Dulan	36.167	98.267	4	100
Ambarchik	69.651	162.334	4	0
Turin	45.072	7.668	6	1652000
Lille	50.652	3.078	6	1044000
Cardiff	51.483	-3.168	6	861400
Toulouse	43.622	1.448	6	847000
Genoa	44.410	8.930	6	647497
Macau	22.189	113.544	6	568700
Matsuyama	33.846	132.766	6	533541
Edinburgh	55.948	-3.219	6	504966
Strasbourg	48.580	7.750	6	439972
El Fasher	13.630	25.350	6	252609
Rennes	48.100	-1.670	6	209375
Funchal	32.650	-16.880	6	204767
Gibraltar	36.128	-5.346	6	187083
Batumi	41.600	41.630	6	155542
Limoges	45.830	1.250	6	152199
Moroni	-11.704	43.240	6	128698
Agana	13.470	144.750	6	122411
Luxembourg	49.612	6.130	6	107260
Nouméa	-22.263	166.444	6	93060
Sukhumi	43.020	41.020	6	81546
Andorra	42.511	1.527	6	53998
Monaco	43.740	7.407	6	36371
Swakopmund	-22.669	14.535	6	29491
Tarawa	1.338	173.018	6	28802
Majuro	7.103	171.380	6	25400
Keetmanshoop	-26.574	18.130	6	18039
Lobamba	-26.467	31.200	6	9782
Melekeok	7.487	134.627	6	7026
Funafuti	-8.517	179.217	6	4749
Palikir	6.917	158.150	6	4645
Longyearbyen	78.221	15.621	6	1232
Bir Lehlou	26.119	-9.653	6	500
Rouen	49.430	1.080	7	532559
Bari	41.114	16.873	7	500577
Bologna	44.500	11.340	7	488172
Nantes	47.210	-1.590	7	438537
Gifu	35.423	136.763	7	412895
Mbale	1.090	34.170	7	402368
Montpellier	43.610	3.870	7	327254
Jinja	0.440	33.200	7	301619
Cagliari	39.222	9.104	7	291511
Nancy	48.684	6.200	7	268976
Fort-de-France	14.610	-61.080	7	253995
Arua	3.020	30.900	7	250000
Novi Sad	45.250	19.850	7	225457
Banja Luka	44.780	17.180	7	221738
Orléans	47.900	1.900	7	217301
Trieste	45.650	13.800	7	216035
Reims	49.250	4.030	7	196565
Caen	49.184	-0.350	7	190099
Dijon	47.330	5.030	7	169946
Perugia	43.110	12.390	7	149125
Willemstad	12.112	-68.872	7	146813
Amiens	49.900	2.300	7	143086
Trento	46.080	11.120	7	107808
Ancona	43.600	13.500	7	100507
Catanzaro	38.900	16.600	7	95251
Chipata	-13.630	32.640	7	85963
Mbarara	-0.600	30.650	7	83700
Oranjestad	12.522	-70.026	7	68775
L'Aquila	42.350	13.390	7	68503
Masaka	-0.330	31.730	7	65373
Ajaccio	41.927	8.728	7	54364
Vaduz	47.134	9.517	7	36281
Douglas	54.149	-4.480	7	35854
San Marino	43.936	12.442	7	29579
Otjiwarongo	-20.460	16.640	7	24815
Saint-Laurent-du-Maroni	5.498	-54.033	7	24287
Grand Turk	21.466	-71.136	7	5801
George Town	19.295	-81.372	7	4268
McMurdo Station	-77.732	166.869	7	1000
Moroto	2.540	34.640	7	371
Basse-terre	16.010	-61.705	7	307
Esperanza Base	-63.375	-57.026	7	250
Casey Station	-66.286	110.536	7	200
Amundsen–Scott South Pole Station	-90.000	176.994	7	200
Mirny Station	-66.576	93.006	7	169
Marambio Base	-64.233	-56.650	7	150
Base Presidente Montalva	-62.183	-58.908	7	150
Rothera Station	-67.565	-68.124	7	130
Dumont d'Urville Station	-66.775	139.964	7	120
Belgrano II Base	-77.866	-34.617	7	100
King Sejong Station	-62.225	-58.772	7	90
Scott Base	-77.847	166.749	7	85
Zucchelli Station	-74.619	164.219	7	80
Davis Station	-68.778	78.141	7	70
Novolazarevskaya Station	-71.301	-11.850	7	70
Halley Station	-76.092	-26.474	7	70
Maitri Station	-70.782	11.730	7	65
Carlini Base	-62.224	-58.650	7	60
Zhongshan Station	-69.434	76.339	7	60
Mawson Station	-67.615	62.875	7	60
Showa Station	-69.030	39.746	7	60
Palmer Station	-64.762	-64.047	7	46
Orcadas Station	-60.733	-44.733	7	45
Troll Station	-72.016	2.533	7	44
Gen. O'Higgins Base	-63.328	-57.890	7	44
Capitan Arturo Prat Station	-62.500	-59.683	7	41
Great Wall Station	-62.216	-58.967	7	40
Neumayer Station III	-70.890	-7.838	7	40
Sobral Base	-81.179	-40.502	7	40
Concordia Research Station	-74.666	124.167	7	30
Vostok Station	-78.466	106.800	7	25
Escudero Base	-62.195	-58.953	7	20
San Martín Base	-68.116	-67.100	7	20
Aboa Station	-75.050	-13.417	7	18
Wasa Station	-73.050	-13.417	7	10
Svea Station	-74.583	-11.217	7	10
Signy Research Station	-60.631	-45.601	7	8
Elephant Island	-62.000	-58.000	7	6
Peter I Island	-68.795	-90.584	7	1
Clermont-Ferrand	45.780	3.080	8	233050
Besançon	47.230	6.030	8	128426
Poitier	46.583	0.333	8	85960
Vatican City	41.903	12.453	8	832
Artigas Base	-62.174	-58.864	8	60
Bombo	0.583	32.533	10	75000
Potenza	40.642	15.799	10	69060
Campobasso	41.563	14.656	10	50762
Fort Portal	0.671	30.275	10	42670
Aosta	45.737	7.315	10	34062
Ramallah	31.903	35.206	10	24599
Mariehamn	60.097	19.949	10	10682
