Tokyo	35.687	139.749	0	35676000
New York	40.722	-73.996	0	19040000
Mexico City	19.444	-99.133	0	19028000
Mumbai	19.068	72.876	0	18978000
São Paulo	-23.557	-46.627	0	18845000
Shanghai	31.218	121.435	0	14987000
Kolkata	22.570	88.369	0	14787000
Los Angeles	34.049	-118.232	0	12500000
Cairo	30.052	31.248	0	11893000
Rio de Janeiro	-22.907	-43.212	0	11748000
Beijing	39.902	116.394	0	11106000
Moscow	55.754	37.614	0	10452000
Istanbul	41.018	28.974	0	10061000
Paris	48.858	2.353	0	9904000
Lagos	6.445	3.390	0	9466000
Jakarta	-6.172	106.827	0	9125000
London	51.502	-0.119	0	8567000
Bogota	4.598	-74.085	0	7772000
Hong Kong	22.307	114.183	0	7206000
Santiago	-33.440	-70.651	0	5720000
Singapore	1.295	103.854	0	5183700
Sydney	-33.871	151.213	0	4630000
Riyadh	24.634	46.720	0	4465000
Washington,  D.C.	38.901	-77.011	0	4338000
Rome	41.898	12.481	0	3339000
Cape Town	-33.918	18.433	0	3215000
Nairobi	-1.281	36.815	0	3010000
Buenos Aires	-34.611	-58.433	1	12795000
Ōsaka	34.691	135.504	1	11294000
Manila	14.606	120.980	1	11100000
Seoul	37.568	126.998	1	9796000
Chicago	41.848	-87.635	1	8990000
Lima	-12.046	-77.052	1	8012000
Tehran	35.674	51.422	1	7873000
Kinshasa	-4.328	15.313	1	7843000
Taipei	25.036	121.568	1	6900273
Bengaluru	12.972	77.558	1	6787000
Bangkok	13.752	100.515	1	6704000
Miami	25.790	-80.226	1	5585000
Madrid	40.402	-3.685	1	5567000
Toronto	43.665	-79.389	1	5213000
Baghdad	33.341	44.392	1	5054000
Atlanta	33.739	-84.368	1	4506000
Houston	29.741	-95.348	1	4459000
Melbourne	-37.818	144.973	1	4170000
Chengdu	30.672	104.068	1	4123000
Monterrey	25.672	-100.332	1	3712000
Ürümqi	43.807	87.573	1	3575000
San Francisco	37.784	-122.400	1	3450000
Johannesburg	-26.168	28.028	1	3435000
Berlin	52.524	13.400	1	3406000
Kabul	34.519	69.181	1	3277000
Athens	37.985	23.731	1	3242000
Casablanca	33.602	-7.618	1	3181000
Addis Ababa	9.035	38.698	1	3100000
Caracas	10.503	-66.919	1	2985000
Kyiv	50.435	30.515	1	2709000
Dakar	14.718	-17.475	1	2604000
Vienna	48.202	16.365	1	2400000
Vancouver	49.275	-123.124	1	2313328
Denver	39.741	-104.986	1	2313000
Tashkent	41.304	69.269	1	2184000
Dubai	25.215	55.287	1	1379000
Auckland	-36.848	174.763	1	1377200
Stockholm	59.324	18.066	1	1264000
Geneva	46.210	6.140	1	1240000
Amsterdam	52.352	4.915	1	1031000
New Delhi	28.600	77.200	1	317797
Dhaka	23.725	90.407	2	12797394
Luanda	-8.836	13.232	2	5172900
Khartoum	15.590	32.532	2	4754000
Hanoi	21.035	105.848	2	4378000
Yangon	16.785	96.165	2	4088000
Abidjan	5.323	-4.020	2	3802000
Brasília	-15.781	-47.918	2	3716996
Ankara	39.929	32.862	2	3716000
Algiers	36.765	3.049	2	3354000
Pyongyang	39.021	125.753	2	3300000
Tel Aviv	32.082	34.768	2	3112000
Dar es Salaam	-6.798	39.266	2	2930000
Lisbon	38.725	-9.147	2	2812000
Damascus	33.502	36.298	2	2466000
Tripoli	32.892	13.180	2	2189000
Havana	23.134	-82.366	2	2174000
Santo Domingo	18.471	-69.930	2	2154000
Accra	5.552	-0.219	2	2121000
Kuwait City	29.372	47.976	2	2063000
Sanaa	15.357	44.205	2	2008000
Bucharest	44.435	26.098	2	1942000
Brussels	50.835	4.331	2	1743000
Warsaw	52.231	21.005	2	1707000
Budapest	47.502	19.081	2	1679000
Kuala Lumpur	3.140	101.689	2	1448000
Prague	50.087	14.423	2	1162000
Helsinki	60.164	24.932	2	1115000
København	55.681	12.562	2	1085000
Dublin	53.347	-6.257	2	1059000
Monrovia	6.315	-10.800	2	1041000
Oslo	59.919	10.748	2	835000
Tunis	36.803	10.180	3	2412500
Baku	40.397	49.860	3	2122300
Port-au-Prince	18.543	-72.338	3	1998000
Asunción	-25.291	-57.626	3	1870000
Beirut	33.874	35.508	3	1846000
Minsk	53.902	27.565	3	1805000
Rabat	34.025	-6.836	3	1705000
Quito	-0.213	-78.502	3	1701000
Antananarivo	-18.915	47.515	3	1697000
Yaoundé	3.869	11.515	3	1611000
La Paz	-16.496	-68.152	3	1590000
Abuja	9.055	7.490	3	1576000
Harare	-17.816	31.043	3	1572000
Montevideo	-34.905	-56.187	3	1513000
Bamako	12.652	-8.002	3	1494000
Conakry	9.533	-13.682	3	1494000
Phnom Penh	11.552	104.915	3	1466000
Lomé	6.134	1.221	3	1452000
Maputo	-25.953	32.587	3	1446000
San Salvador	13.703	-89.216	3	1433000
Kampala	0.319	32.581	3	1420000
Brazzaville	-4.257	15.283	3	1355000
Pretoria	-25.705	28.227	3	1338000
Lusaka	-15.415	28.281	3	1328000
San José	9.930	-84.079	3	1284000
Panama City	8.970	-79.535	3	1281000
Sofia	42.685	23.315	3	1185000
Ouagadougou	12.372	-1.527	3	1149000
Ottawa	45.419	-75.702	3	1145000
Yerevan	40.183	44.512	3	1102000
Mogadishu	2.069	45.365	3	1100000
Tbilisi	41.727	44.789	3	1100000
Belgrade	44.821	20.466	3	1099000
Dushanbe	38.560	68.774	3	1086244
Amman	31.952	35.931	3	1060000
Jerusalem	31.778	35.207	3	1029300
Guatemala City	14.623	-90.529	3	1024000
N'Djamena	12.115	15.047	3	989000
Tegucigalpa	14.104	-87.219	3	946000
Kingston	17.977	-76.767	3	937700
Naypyidaw	19.769	96.117	3	930000
Managua	12.155	-86.270	3	920000
Niamey	13.519	2.115	3	915000
Tirana	41.328	19.819	3	895350
Kathmandu	27.719	85.315	3	895000
Ulaanbaatar	47.919	106.915	3	885000
Valparaíso	-33.048	-71.617	3	854000
Bishkek	42.875	74.583	3	837000
Bangui	4.367	18.558	3	831925
Freetown	8.472	-13.236	3	827000
Islamabad	33.689	73.081	3	780000
Cotonou	6.363	2.404	3	762000
Vientiane	17.967	102.600	3	754000
Riga	56.950	24.100	3	742572
Nouakchott	18.086	-15.975	3	742144
Muscat	23.585	58.378	3	734697
Ashgabat	37.950	58.383	3	727700
Zagreb	45.800	16.000	3	722526
Sarajevo	43.850	18.383	3	696731
Chișinău	47.005	28.858	3	688134
Lilongwe	-13.983	33.783	3	646750
Asmara	15.333	38.933	3	620802
Abu Dhabi	24.467	54.367	3	603492
Libreville	0.385	9.458	3	578156
Vilnius	54.683	25.317	3	542366
Hargeisa	9.560	44.065	3	477876
Bloemfontein	-29.120	26.230	3	463064
Bissau	11.865	-15.598	3	403339
Tallinn	59.434	24.728	3	394024
Wellington	-41.292	174.777	3	393400
Valletta	35.900	14.515	3	368250
Maseru	-29.317	27.483	3	361324
Nur-Sultan	51.181	71.428	3	345604
Canberra	-35.283	149.129	3	327700
Bandar Seri Begawan	4.883	114.933	3	296500
Port Moresby	-9.465	147.193	3	283733
Windhoek	-22.570	17.084	3	268132
Georgetown	6.802	-58.167	3	264350
Paramaribo	5.835	-55.167	3	254169
Dili	-8.559	125.579	3	234331
Nassau	25.083	-77.350	3	227940
Sucre	-19.041	-65.260	3	224838
Nicosia	35.167	33.367	3	224300
Colombo	6.932	79.858	3	217000
Gaborone	-24.646	25.912	3	208411
Yamoussoukro	6.818	-5.276	3	206499
Suva	-18.133	178.442	3	175399
Reykjavík	64.143	-21.937	3	166212
Malabo	3.750	8.783	3	155963
Praia	14.917	-23.517	3	113364
Malé	4.172	73.509	3	112927
Thimphu	27.473	89.639	3	98676
São Tomé	0.337	6.730	3	88219
Honiara	-9.438	159.950	3	76328
Apia	-13.836	-171.769	3	61916
Port Vila	-17.733	168.317	3	44040
Nuku'alofa	-21.139	-175.221	3	42620
Victoria	-4.617	55.450	3	33576
Belmopan	17.252	-88.767	3	15220
Kyoto	35.032	135.748	4	1805000
Doha	25.287	51.533	4	1450000
The Hague	52.080	4.270	4	1406000
Djibouti	11.595	43.148	4	923000
Kigali	-1.952	30.059	4	860000
Port Louis	-20.167	57.500	4	595491
Manama	26.236	50.583	4	563920
Skopje	42.000	21.433	4	494087
Pristina	42.667	21.166	4	465186
Baguio	16.430	120.570	4	447824
Bratislava	48.150	17.117	4	423737
Bujumbura	-3.376	29.360	4	331700
Ljubljana	46.055	14.515	4	314807
Porto-Novo	6.483	2.617	4	300000
Port-of-Spain	10.652	-61.517	4	294934
Bern	46.917	7.467	4	275329
Dodoma	-6.183	35.750	4	218269
Bridgetown	13.102	-59.617	4	191152
Laayoune	27.150	-13.200	4	188084
Podgorica	42.466	19.266	4	145850
Sri Jayawardenepura Kotte	6.900	79.950	4	115826
Juba	4.830	31.580	4	111975
Mbabane	-26.317	31.133	4	90138
Putrajaya	2.933	101.695	4	67964
Kingstown	13.156	-61.220	4	49485
Banjul	13.454	-16.592	4	43094
Castries	14.008	-60.993	4	37963
Saint John's	17.118	-61.850	4	35499
Saint George's	12.053	-61.742	4	33734
Roseau	15.301	-61.387	4	23336
Basseterre	17.302	-62.717	4	21887
Moroni	-11.704	43.240	6	128698
Luxembourg	49.612	6.130	6	107260
Andorra	42.511	1.527	6	53998
Monaco	43.740	7.407	6	36371
Tarawa	1.338	173.018	6	28802
Majuro	7.103	171.380	6	25400
Lobamba	-26.467	31.200	6	9782
Melekeok	7.487	134.627	6	7026
Funafuti	-8.517	179.217	6	4749
Palikir	6.917	158.150	6	4645
Bir Lehlou	26.119	-9.653	6	500
Vaduz	47.134	9.517	7	36281
San Marino	43.936	12.442	7	29579
Vatican City	41.903	12.453	8	832
