106.6 52.8 106.5 52.9 107.1 53.2 107.3 53.4 107.6 53.5 108.0 53.9 108.4 54.3 109.1 55.0 109.2 55.5 109.5 55.7 109.9 55.7 109.7 55.0 109.7 54.7 109.5 54.3 109.3 53.8 109.2 53.6 109.0 53.8 108.6 53.4 108.8 53.4 108.8 53.2 108.5 53.1 108.2 52.8 107.8 52.6 107.3 52.4 106.6 52.3 106.1 52.0 105.7 51.8 105.2 51.5 104.8 51.5 104.3 51.5 103.8 51.6 103.6 51.7 103.9 51.9 104.4 51.9 105.1 52.0 105.5 52.3 106.0 52.5 106.3 52.6 106.6 52.8
-99.0 53.9 -98.0 54.3 -97.8 54.1 -97.6 53.4 -96.4 51.4 -96.2 50.7 -96.7 50.4 -96.9 50.8 -97.2 51.5 -98.2 52.2 -99.2 53.2 -99.0 53.9
-115.0 62.0 -115.8 62.5 -116.1 62.8 -115.8 62.8 -114.5 62.4 -113.4 62.0 -111.8 62.4 -111.0 62.9 -110.2 63.1 -109.4 62.9 -109.1 62.8 -109.1 62.7 -110.1 62.5 -111.3 62.3 -112.6 61.6 -113.6 61.1 -115.3 60.9 -116.4 60.9 -118.1 61.3 -118.3 61.4 -118.4 61.5 -118.2 61.6 -116.8 61.3 -115.7 61.7 -115.0 62.0
-79.1 43.3 -79.4 43.2 -79.8 43.3 -79.5 43.6 -79.2 43.8 -78.5 43.9 -77.6 44.0 -77.2 43.9 -76.9 44.1 -76.6 44.2 -76.4 44.1 -76.2 44.0 -76.2 43.6 -76.9 43.3 -77.7 43.3 -78.5 43.4 -79.1 43.3
-83.1 42.1 -82.6 42.0 -81.8 42.3 -81.4 42.6 -81.1 42.7 -80.5 42.6 -80.3 42.7 -79.8 42.8 -78.9 43.0 -78.9 42.9 -79.8 42.3 -80.5 42.0 -81.0 41.8 -81.6 41.6 -82.3 41.4 -82.8 41.5 -83.5 41.7 -83.1 42.1
-89.6 48.0 -89.2 48.4 -88.6 48.6 -88.4 48.8 -88.2 48.9 -87.2 48.7 -86.6 48.7 -86.3 48.6 -86.0 48.0 -84.9 47.9 -85.0 47.6 -84.6 47.3 -84.8 46.9 -84.4 46.8 -84.6 46.4 -84.9 46.5 -85.1 46.8 -86.1 46.7 -87.0 46.5 -87.7 46.8 -88.3 47.0 -87.9 47.5 -88.8 47.2 -89.6 46.8 -90.4 46.6 -91.0 46.9 -92.0 46.7 -92.0 46.9 -91.3 47.3 -90.6 47.7 -89.6 48.0
33.9 0.1 34.1 -0.3 34.1 -1.1 33.6 -1.5 33.3 -2.0 33.6 -2.3 33.1 -2.5 33.0 -2.4 32.4 -2.5 31.9 -2.7 31.6 -2.3 31.8 -1.6 31.9 -1.0 31.8 -0.6 32.3 -0.1 32.9 0.1 33.3 0.3 33.9 0.1
29.8 61.2 30.9 61.8 32.5 61.1 32.9 60.6 32.8 60.5 32.6 60.5 32.6 60.2 31.7 60.2 31.5 59.9 31.1 59.9 31.1 60.1 30.5 60.6 30.5 60.8 29.8 61.2
79.0 46.7 79.2 46.6 78.9 46.4 78.4 46.3 77.2 46.4 75.6 46.5 75.5 46.7 75.4 46.5 74.9 46.4 74.8 46.1 74.3 46.0 74.1 45.0 73.4 45.6 73.4 45.8 73.7 46.0 73.7 46.2 74.0 46.2 74.1 46.4 74.9 46.8 76.2 46.8 77.2 46.6 77.9 46.6 78.3 46.5 78.4 46.7 79.0 46.7
30.8 -8.6 30.5 -8.5 30.6 -8.1 30.3 -7.8 30.1 -7.3 29.5 -6.8 29.2 -6.0 29.4 -5.6 29.1 -5.1 29.3 -3.5 29.7 -4.4 29.6 -4.9 29.8 -5.0 29.8 -5.5 30.0 -5.9 29.7 -6.2 30.5 -6.9 30.6 -7.5 31.2 -8.7 31.0 -8.8 30.8 -8.6
35.3 -14.3 35.2 -14.4 34.9 -14.0 34.7 -14.3 34.5 -14.0 34.6 -13.7 34.3 -13.4 34.3 -12.9 34.0 -12.2 34.3 -11.7 34.3 -10.4 33.9 -9.8 34.0 -9.5 34.5 -10.0 34.6 -11.1 34.9 -11.5 34.7 -12.4 34.9 -13.7 35.1 -13.7 35.3 -14.3
14.0 59.2 14.0 59.1 13.9 58.9 13.3 58.6 12.8 58.5 12.5 58.5 12.5 58.8 12.5 58.9 12.7 59.0 13.0 59.0 13.2 59.1 13.6 59.3 14.0 59.2
-80.7 26.8 -80.9 26.8 -80.9 27.1 -80.7 27.0 -80.7 26.8
-84.9 11.1 -85.3 11.2 -85.8 11.5 -85.9 11.9 -85.6 11.9 -85.0 11.5 -84.9 11.1
37.1 11.9 37.0 12.0 37.2 12.2 37.5 12.2 37.5 11.8 37.3 11.7 37.1 11.9
-69.4 -16.1 -69.7 -15.9 -70.0 -15.7 -69.9 -15.7 -69.9 -15.5 -69.9 -15.4 -69.6 -15.4 -69.0 -15.9 -68.7 -16.4 -68.9 -16.5 -69.0 -16.5 -69.1 -16.5 -69.2 -16.4 -69.3 -16.2 -69.4 -16.1
-99.4 53.1 -99.5 53.1 -99.8 53.1 -100.4 53.3 -100.6 53.5 -100.3 53.7 -100.4 53.9 -100.3 54.1 -100.2 54.2 -100.0 54.2 -100.0 54.1 -100.2 53.9 -99.9 53.9 -99.9 53.8 -100.1 53.4 -99.7 53.3 -99.4 53.3 -99.4 53.1
35.7 62.3 36.1 61.7 36.4 61.3 36.1 61.0 35.4 60.9 34.9 61.1 35.2 61.1 35.6 61.1 35.2 61.4 34.9 61.6 34.5 61.9 34.3 62.2 34.3 62.3 34.7 62.2 34.6 62.5 34.8 62.3 35.1 62.1 35.2 62.2 35.5 62.3 35.1 62.5 34.6 62.8 35.0 62.7 35.2 62.7 35.7 62.3
-112.2 41.3 -112.1 41.1 -112.2 40.9 -112.7 41.1 -112.7 41.2 -112.9 41.6 -112.6 41.4 -112.4 41.3 -112.2 41.4 -112.2 41.3
-117.8 66.2 -118.0 65.9 -118.1 65.8 -119.7 65.7 -119.7 65.5 -119.7 65.4 -121.4 64.9 -121.3 65.0 -120.9 65.4 -121.1 65.4 -122.6 65.0 -123.2 65.2 -123.2 65.3 -122.3 65.8 -122.4 65.9 -125.0 66.0 -124.9 66.2 -119.5 67.0 -119.4 66.9 -120.2 66.5 -117.6 66.6 -117.6 66.4 -117.8 66.2
-109.7 59.0 -111.1 58.6 -111.2 58.7 -111.2 58.8 -109.1 59.6 -106.5 59.3 -109.7 59.0
-101.9 58.0 -101.5 57.9 -102.0 57.3 -101.9 57.2 -103.2 56.3 -103.3 56.4 -103.1 56.7 -103.0 56.6 -102.6 56.9 -102.8 57.3 -102.8 57.5 -102.1 58.0 -101.9 58.0
-80.4 45.6 -79.8 44.8 -80.1 44.5 -80.9 44.6 -81.4 45.3 -81.3 44.6 -81.8 44.1 -81.7 43.6 -81.8 43.3 -82.4 43.0 -82.5 43.4 -82.7 44.0 -83.0 44.1 -83.7 43.6 -83.8 43.6 -83.9 43.9 -83.3 44.3 -83.3 44.7 -83.3 45.2 -84.1 45.6 -84.9 45.8 -84.8 45.9 -84.7 45.9 -83.8 46.0 -84.3 46.4 -84.1 46.6 -84.0 46.3 -83.2 46.2 -82.4 46.2 -81.6 46.1 -80.7 45.9 -80.4 45.6
-85.5 46.0 -84.8 45.9 -84.9 45.8 -85.1 45.4 -85.3 45.3 -85.5 44.8 -85.6 45.2 -86.0 44.9 -86.2 44.6 -86.5 44.1 -86.5 43.7 -86.2 43.0 -86.2 42.4 -86.6 41.9 -86.8 41.8 -87.1 41.6 -87.4 41.6 -87.5 41.7 -87.8 42.2 -87.8 42.5 -87.8 42.7 -87.9 43.2 -87.7 43.8 -87.5 44.5 -87.0 45.3 -87.1 45.3 -87.9 44.6 -88.0 44.7 -87.6 45.1 -87.0 45.7 -86.3 45.8 -85.5 46.0
