82.4 30.4 82.7 30.4 83.8 29.8 84.1 29.6 84.4 29.5 84.7 29.3 85.4 29.3 87.7 29.2 87.8 29.3 88.0 29.3 88.6 29.4 91.0 29.3 92.1 29.3 93.3 29.1 93.6 29.1 94.4 29.3 94.8 29.5 95.2 29.8 95.3 29.8 95.3 29.7 95.4 29.6 95.3 29.4 94.9 29.0 94.9 28.8 95.0 28.5 95.1 28.2 95.4 28.0 95.4 27.9 95.3 27.8 94.8 27.5 94.4 27.0 93.8 26.7 92.7 26.6 92.3 26.5 91.7 26.2 91.3 26.2 90.6 26.2 90.3 26.1 90.1 26.0 89.9 25.9 89.8 25.6 89.6 24.9 89.7 24.6 89.7 23.9 90.0 23.7 90.2 23.4 90.4 23.1 90.5 22.8
94.1 33.2 94.4 33.2 94.9 33.1 95.8 32.6 96.2 32.5 96.9 32.0 97.2 31.5 97.3 31.1 97.8 30.3 98.3 29.7 98.6 29.0 99.0 27.5 99.2 27.0 99.2 26.0 99.2 25.7 99.4 25.3 99.7 25.0 99.9 24.8 100.3 24.7 100.4 24.6 100.5 24.5 100.5 24.4 100.5 24.2 100.1 23.5 100.1 23.3 100.2 23.1 101.0 21.8 101.2 21.8 101.2 21.4 100.3 20.8 100.1 20.4 100.5 20.1 100.6 20.0 100.6 19.9 101.1 19.9 101.5 19.9 102.2 20.0 101.9 19.6 101.8 18.7 101.5 18.2 101.5 18.0 101.6 17.8 102.1 18.1 102.4 17.9 103.0 18.0 103.2 18.3 104.0 18.2 104.7 17.4 104.8 16.4 105.6 15.6 105.6 15.3 105.8 15.1 105.9 14.8 105.9 14.2 106.0 13.9 105.9 13.4 106.0 12.7 105.9 12.4 105.8 12.3 105.7 12.2 105.4 12.0 105.0 11.8 105.0 11.6 105.1 10.9 105.2 10.7 105.6 10.3 106.4 9.4
90.3 47.7 90.2 47.4 89.7 47.2 89.4 47.1 89.0 47.1 86.9 47.7 86.4 47.9 85.3 48.0 84.4 47.7 83.8 48.0 83.6 48.2 83.6 48.3 83.5 48.8 83.6 48.9 83.9 49.0 84.0 49.2 83.9 49.3 83.4 49.6 82.5 50.1 82.1 50.2 81.8 50.3 80.4 50.4 78.5 50.8 77.2 51.9 77.0 52.1 76.6 52.7 76.3 52.9 75.6 53.3 75.3 53.5 75.1 53.7 75.0 53.8 75.0 54.0 74.5 54.4 74.4 54.4 74.1 54.5 73.9 54.6 73.7 54.7 73.6 54.7 73.5 54.8 73.4 54.9 73.1 55.2 73.1 55.3 73.3 55.4 73.7 55.6 74.2 55.8 74.5 55.9 74.6 56.0 74.7 56.2 74.7 56.4 74.6 56.6 74.5 56.9 74.3 57.0 73.7 57.3 72.9 57.4 71.5 57.7 70.3 57.9 68.8 58.0 68.7 58.1 68.4 58.1 68.2 58.2 68.3 58.3 68.5 58.5 68.6 58.7 68.8 59.0 69.0 59.4 69.1 59.6 69.3 59.6 69.8 59.9 69.8 60.0 69.8 60.1 69.8 60.3 69.8 60.5 69.7 60.7 69.5 60.8 69.4 60.9 69.2 61.0 69.0 61.1 68.9 61.1 68.8 61.1 68.4 61.2 68.2 61.4 67.6 61.7 67.2 62.1 66.3 62.4 65.7 62.7 65.4 62.8 65.3 63.1 65.4 63.3 65.7 63.6 65.8 64.0 65.9 64.1 65.9 64.2 65.6 64.7 65.5 65.0 65.4 65.0 65.4 65.2 65.8 65.8 65.8 66.0 65.8 66.2 66.3 66.4 66.7 66.6 67.0 66.6 68.2 66.6 69.0 66.8 69.9 66.7 70.8 66.7 71.5 66.7
-124.8 56.8 -124.2 56.2 -123.9 56.1 -123.5 56.0 -122.7 56.1 -122.2 56.0 -122.0 56.0 -121.4 56.2 -120.2 56.2 -119.5 56.3 -119.2 56.2 -118.7 56.0 -118.3 56.0 -117.8 56.1 -117.5 56.2 -117.2 56.4 -117.2 56.5 -117.3 56.9 -117.1 57.3 -117.1 57.7 -117.0 57.9 -116.9 58.1 -116.7 58.1 -116.5 58.3 -116.3 58.4 -116.0 58.4 -115.0 58.4 -114.6 58.5 -114.5 58.5 -114.2 58.6 -113.9 58.7 -113.8 58.7 -113.6 58.7 -113.3 58.8 -113.1 58.9 -112.6 59.1 -112.3 59.1 -112.1 59.1 -111.9 59.0 -111.4 59.0 -111.4 59.5 -111.6 59.8 -112.4 60.2 -112.5 60.3 -112.5 60.5 -112.6 60.5 -113.2 60.9 -113.3 61.2 -113.5 61.2 -113.6 61.2 -113.7 61.2 -113.8 61.3 -114.1 61.3 -114.4 61.3 -114.6 61.3 -116.3 61.1 -116.7 61.1 -117.7 61.3 -118.2 61.4 -119.1 61.3 -119.8 61.3 -120.3 61.5 -120.6 61.6 -120.8 61.8 -121.6 62.0 -123.0 62.2 -123.3 62.3 -123.3 62.5 -123.2 62.9 -123.3 63.1 -124.0 63.7 -124.3 64.0 -124.5 64.2 -124.8 64.4 -125.0 64.7 -125.3 64.8 -126.2 65.0 -126.9 65.3 -128.0 65.6 -128.7 65.7 -128.9 65.9 -129.0 66.0 -128.8 66.3 -129.0 66.5 -129.8 66.7 -130.0 66.9 -130.3 67.2 -130.5 67.3 -130.8 67.4 -131.2 67.5 -132.7 67.3 -133.0 67.3 -133.4 67.4 -133.8 67.5 -134.2 67.7 -134.4 68.1 -134.4 68.2 -134.2 68.4 -134.2 68.7 -134.8 69.0 -135.3 69.4
8.2 48.0 8.6 48.0 9.4 48.1 10.7 48.6 11.7 48.8 12.0 49.0 12.2 49.0 12.4 49.0 12.5 48.9 12.7 48.9 13.0 48.8 13.3 48.6 13.5 48.6 14.7 48.2 15.0 48.2 15.6 48.4 15.9 48.4 16.9 48.2 17.5 47.9 17.9 47.8 18.7 47.9 18.9 47.8 19.0 47.7 18.9 47.2 19.0 46.8 18.9 46.3 18.8 46.0 18.8 45.9 18.9 45.8 19.0 45.6 19.1 45.5 19.2 45.4 19.3 45.3 19.4 45.2 19.5 45.2 19.8 45.2 20.0 45.1 20.2 45.1 20.5 44.8 20.8 44.7 21.4 44.8 21.6 44.8 22.1 44.5 22.5 44.7 22.7 44.6 22.5 44.4 22.7 44.2 22.9 43.8 23.3 43.9 24.1 43.7 25.6 43.7 26.1 43.9 27.2 44.2 27.3 44.2 27.3 44.1 27.4 44.2 27.6 44.2 27.8 44.3 27.9 44.3 28.1 44.4 28.0 44.5 27.9 44.7 28.0 45.2 28.0 45.3 28.2 45.4 28.2 45.5 28.3 45.4 28.6 45.4 28.7 45.3 29.1 45.5 29.6 45.3
-55.1 -14.3 -55.4 -14.4 -56.1 -14.7 -56.3 -14.9 -56.4 -15.1 -56.1 -15.8 -55.9 -16.1 -55.9 -16.2 -56.0 -16.3 -56.4 -16.7 -56.5 -16.8 -56.6 -17.1 -57.0 -17.6 -57.2 -17.7 -57.3 -17.9 -57.4 -18.5 -57.6 -18.9 -57.3 -19.2 -57.4 -19.4 -57.5 -19.5 -57.6 -19.7 -57.8 -19.9 -57.8 -20.0 -57.9 -20.0 -58.0 -20.1 -58.2 -20.2 -57.9 -20.7 -57.9 -21.1 -57.9 -22.1 -58.0 -22.2 -57.8 -22.6 -57.8 -22.8 -57.3 -23.7 -57.2 -24.0 -57.1 -24.3 -57.1 -24.6 -57.3 -25.0 -57.6 -25.3 -57.6 -25.4 -57.6 -25.5 -57.6 -25.6 -57.7 -25.7 -57.9 -26.0 -58.1 -26.4 -58.4 -26.7 -58.5 -27.0 -58.6 -27.1 -58.9 -27.6 -58.9 -28.0 -59.1 -28.3 -59.2 -29.1 -59.4 -29.2 -59.5 -29.4 -59.6 -29.7 -59.7 -30.7 -60.1 -31.3 -60.4 -31.5 -60.6 -31.8 -60.7 -32.1 -60.7 -32.3 -60.7 -32.6 -60.6 -32.8 -60.5 -33.0 -60.2 -33.2 -59.9 -33.5 -59.2 -33.8 -58.7 -34.0 -58.4 -34.0
26.2 -11.7 25.9 -11.7 25.6 -11.2 25.7 -10.7 25.5 -10.4 25.4 -10.1 25.5 -9.5 25.6 -9.2 25.9 -9.1 26.1 -8.8 26.4 -8.3 26.7 -8.2 26.9 -8.0 26.9 -7.9 26.9 -7.6 27.0 -7.0 27.0 -6.6 26.9 -5.6 27.0 -5.3 26.9 -5.0 26.8 -4.7 26.4 -4.3 26.1 -4.1 26.0 -3.7 26.0 -3.6 25.9 -3.2 25.9 -2.9 25.9 -2.7 25.9 -2.6 25.9 -2.3 25.8 -1.8 25.8 -1.5 25.8 -1.4 25.7 -1.0 25.6 -0.8 25.5 -0.5 25.5 -0.1 25.4 0.3 24.9 0.5 24.3 0.8 22.7 2.0 22.3 2.1 21.7 2.1 20.3 1.9 19.9 1.8 19.1 1.6 18.7 1.2 18.5 0.9 18.3 0.6 18.2 0.1 17.6 -0.6 17.5 -0.7 16.9 -1.2 16.4 -1.7 16.0 -2.7 16.0 -3.5 15.8 -3.9 15.2 -4.3 14.6 -5.0 14.2 -5.0 14.1 -5.0 13.8 -5.3 13.6 -5.4 13.5 -5.8 13.4 -5.8 13.4 -5.9 13.0 -6.0 12.7 -6.0 12.3 -6.1
108.0 54.0 108.0 54.1 108.0 54.2 107.8 54.3 107.2 53.9 107.0 53.9 106.9 53.9 106.1 53.9 105.7 54.0 105.3 54.4 105.2 54.9 105.2 55.1 105.7 55.8 105.8 56.2 106.2 56.5 106.2 56.6 106.0 56.7 105.9 56.8 106.0 56.9 106.3 57.0 106.8 57.1 107.0 57.3 107.4 57.3 107.7 57.4 108.1 57.8 108.6 58.0 108.9 58.2 109.5 58.3 110.0 58.6 111.1 58.8 111.8 59.1 112.3 59.3 112.6 59.5 113.5 59.9 114.4 60.5 114.9 60.7 115.5 60.7 116.2 60.6 116.9 60.4 117.5 60.0 117.8 59.9 118.3 59.8 118.7 59.9 119.4 60.2 119.5 60.2 119.8 60.2 120.2 60.3 120.5 60.4 120.7 60.4 120.8 60.5 121.1 60.5 121.2 60.6 123.6 60.6 125.0 60.8 126.3 61.1 128.5 61.3 129.2 61.5 129.7 61.9 129.9 62.1 130.0 62.4 129.9 62.7 129.4 63.5 128.3 63.6 128.0 63.7 126.9 64.2 125.5 64.7 124.8 65.0 124.5 65.2 124.2 65.9 123.7 66.5 123.2 67.4 123.1 67.6 123.2 67.9 123.7 68.4 124.1 69.0 124.3 69.2 124.6 69.3 125.1 69.8 125.5 70.0 125.9 70.2 125.9 70.4 127.1 70.6 127.3 70.7 127.5 70.9 127.5 71.0 127.3 71.3 127.1 71.8 126.9 72.1 126.7 72.3 126.0 72.3 124.6 72.7 122.8 72.9
90.8 34.3 91.2 34.3 93.0 34.1 93.8 34.3 94.2 34.6 94.4 34.7 94.7 34.7 95.0 34.6 95.4 34.4 96.0 33.9 96.4 33.7 97.0 33.2 97.5 32.8 98.2 32.3 98.4 32.0 98.5 31.7 98.8 31.4 98.7 31.2 98.9 30.7 99.0 30.3 99.1 29.3 99.2 28.4 99.3 28.4 99.4 28.2 99.4 28.1 99.4 28.0 99.5 27.8 99.6 27.6 99.6 27.5 99.8 27.2 100.0 27.1 100.1 27.2 100.2 27.5 100.4 27.7 100.5 27.6 100.5 27.4 100.4 26.8 100.5 26.4 100.5 26.2 100.6 26.2 101.0 26.3 101.7 26.5 101.8 26.5 101.9 26.4 101.9 26.2 102.0 26.1 102.4 26.3 102.8 26.3 102.9 26.4 103.0 26.6 103.0 27.2 103.0 27.4 103.1 27.4 103.5 27.9 103.5 28.1 103.8 28.3 103.8 28.5 103.9 28.7 104.3 28.7 104.7 28.8 105.1 28.8 105.5 28.9 105.8 28.9 105.9 29.0 106.6 29.5 107.6 29.9 107.9 30.1 108.3 30.6 108.4 30.7 108.6 30.9 108.9 30.9 109.5 31.0 110.3 31.0 110.8 30.9 111.2 30.7 111.5 30.4 112.0 30.4 112.2 30.2 112.4 29.8 112.6 29.7 112.8 29.7 112.9 29.7 113.0 29.6 113.1 29.5 113.7 29.9 113.9 30.1 113.9 30.2 114.1 30.3 114.3 30.6 114.5 30.6 114.8 30.5 115.4 30.0 115.7 29.9 116.0 29.8 116.3 29.8 116.7 30.0 117.0 30.4 117.3 30.7 117.6 30.8 117.9 31.1 118.3 31.4 118.6 31.8 118.7 32.0 119.0 32.2 119.3 32.2 119.7 32.1 120.6 31.6 120.9 31.5 121.9 31.4
33.2 0.3 33.2 0.4 32.9 1.3 32.8 1.4 32.6 1.5 32.5 1.5 32.4 1.6 32.2 1.7 32.3 1.9 32.3 2.1 32.2 2.2 32.0 2.3 31.8 2.3 31.7 2.3 31.5 2.2 31.4 2.2 31.4 2.3 31.5 2.4 31.5 2.5 31.4 2.7 31.5 3.0 31.6 3.2 31.7 3.4 32.0 3.6 31.7 4.0 31.6 4.3 31.6 4.7 31.7 5.4 31.7 5.9 31.1 6.8 30.8 7.2 30.6 7.5 30.5 7.9 30.3 8.6 30.3 8.9 30.3 9.2 30.5 9.4 30.8 9.5 31.1 9.4 31.3 9.4 31.5 9.5 31.8 9.6 32.2 10.0 32.2 10.2 32.2 10.4 32.2 10.6 32.6 11.1 32.7 11.5 32.7 12.0 32.8 12.6 32.7 13.0 32.7 13.3 32.3 14.1 32.3 14.5 32.5 15.6 32.6 15.9 32.7 16.2 33.0 16.4 33.3 16.6 33.6 16.9 33.8 17.2 33.9 17.6 33.9 17.9 33.9 18.2 33.6 18.8 33.4 19.4 33.2 19.4 32.9 19.4 32.6 19.2 32.1 18.8 31.5 18.2 31.3 18.0 31.1 18.0 31.0 18.1 30.8 18.2 30.7 18.4 30.5 19.0 30.3 19.8 30.6 20.1 30.6 20.2 30.4 20.5 30.3 20.7 30.6 21.1 31.1 21.6 31.4 22.1 31.8 22.4 32.0 22.6 32.5 22.7 32.6 22.9 32.7 23.1 32.9 23.4 32.9 23.7 32.9 24.0 32.9 24.6 32.8 24.9 32.6 25.3 32.5 25.6 32.7 25.9 32.7 26.0 32.7 26.1 32.1 26.1 31.8 26.5 31.3 27.1 31.1 27.3 30.9 27.5 30.9 27.8 30.8 28.0 30.8 28.3 30.8 28.5 31.2 29.3 31.2 29.7 31.2 30.1 31.2 31.0 31.0 31.5
-71.7 -15.3 -71.5 -14.8 -71.6 -14.3 -71.7 -14.1 -71.9 -13.9 -72.1 -13.7 -72.8 -13.5 -73.2 -13.4 -73.6 -13.0 -73.9 -12.5 -74.0 -12.2 -74.1 -11.5 -74.1 -11.3 -73.8 -11.2 -73.7 -11.0 -73.8 -10.8 -74.0 -10.4 -74.1 -10.2 -74.0 -9.9 -74.2 -9.7 -74.5 -9.0 -74.5 -8.7 -74.3 -8.5 -74.5 -8.4 -74.7 -8.1 -74.9 -7.8 -75.0 -7.5 -75.2 -7.2 -75.2 -7.1 -75.1 -7.0 -75.2 -6.5 -75.1 -6.2 -74.9 -6.1 -74.7 -6.0 -74.3 -5.6 -74.1 -5.1 -74.0 -5.0 -73.8 -5.0 -73.5 -4.4 -73.4 -4.2 -73.2 -4.0 -73.1 -3.7 -73.0 -3.6 -72.9 -3.5 -72.5 -3.5 -72.1 -3.4 -71.9 -3.4 -71.5 -3.7 -71.3 -3.9 -70.9 -4.0 -70.6 -3.9 -70.4 -3.9 -70.1 -4.1 -69.9 -4.3 -69.7 -4.3 -69.5 -4.1 -69.3 -3.6 -69.0 -3.4 -68.1 -3.3 -68.0 -3.2 -67.9 -3.1 -67.7 -2.9 -67.4 -2.7 -66.8 -2.7 -66.5 -2.5 -66.0 -2.5 -65.8 -2.6 -65.6 -2.6 -65.4 -2.7 -64.6 -3.4 -64.0 -3.7 -63.2 -4.0 -62.7 -3.9 -62.4 -3.8 -61.8 -3.9 -61.5 -3.8 -60.6 -3.4 -59.9 -3.2 -59.8 -3.1 -59.7 -3.1 -58.7 -3.3 -58.5 -3.2 -58.3 -3.2 -57.8 -2.7 -57.5 -2.5 -56.7 -2.5 -56.1 -2.1 -55.8 -2.0 -55.5 -1.9 -55.2 -2.1 -54.8 -2.2 -54.5 -2.4 -54.2 -2.3 -53.8 -2.0 -53.5 -1.8 -52.4 -1.4 -51.8 -1.1 -51.0 -0.5 -50.6 0.1
-110.7 44.7 -110.9 44.7 -111.1 44.8 -111.2 44.8 -111.3 44.9 -111.4 44.9 -111.5 44.9 -111.6 45.1 -111.7 45.3 -111.4 46.0 -111.5 46.2 -111.5 46.3 -111.5 46.4 -111.6 46.4 -111.7 46.6 -111.7 46.7 -111.8 46.7 -111.9 46.8 -111.9 46.9 -111.9 47.1 -111.6 47.3 -111.2 47.6 -110.5 47.9 -110.2 48.0 -109.8 47.8 -108.9 47.8 -108.8 47.7 -108.6 47.7 -108.3 47.6 -108.2 47.6 -108.1 47.6 -107.9 47.6 -107.9 47.5 -106.9 47.8 -106.8 47.8 -106.5 48.0 -106.4 48.0 -106.2 48.0 -105.8 48.1 -105.3 48.1 -104.9 48.1 -104.8 48.1 -103.8 48.0 -103.2 48.1 -102.9 48.1 -102.1 47.7 -101.8 47.6 -101.7 47.5 -101.5 47.5 -101.4 47.5 -101.4 47.4 -101.3 47.3 -101.0 47.2 -100.9 47.1 -100.8 46.8 -100.8 46.7 -100.7 46.6 -100.6 46.5 -100.6 46.1 -100.4 45.4 -100.4 45.1 -100.5 44.9 -100.6 44.7 -100.6 44.6 -100.6 44.5 -100.5 44.5 -100.4 44.4 -100.3 44.4 -100.0 44.3 -99.9 44.2 -99.6 44.2 -99.6 44.1 -99.4 44.0 -99.4 43.9 -99.4 43.8 -99.4 43.7 -99.4 43.6 -99.3 43.5 -99.0 43.3 -98.7 43.1 -98.6 43.0 -98.3 42.9 -98.0 42.8 -97.9 42.8 -97.6 42.8 -97.3 42.8 -97.0 42.7 -96.8 42.6 -96.7 42.6 -96.6 42.5 -96.5 42.5 -96.4 42.4 -96.3 42.2 -96.3 42.1 -96.2 42.0 -96.1 41.8 -96.1 41.6 -96.0 41.5 -96.0 41.4 -95.9 41.1 -95.8 40.9 -95.9 40.8 -95.8 40.6 -95.8 40.5 -95.6 40.3 -95.5 40.2 -95.3 40.0 -95.1 39.9 -95.0 39.9 -94.9 39.7 -95.1 39.5 -95.0 39.4 -94.9 39.2 -94.6 39.1 -93.2 39.3 -93.0 39.3 -92.8 39.0 -92.5 38.9 -92.3 38.7 -92.0 38.6 -91.5 38.7 -90.9 38.6 -90.4 38.8 -90.2 38.8 -90.1 38.8 -90.2 38.7 -90.2 38.6 -90.3 38.4 -90.4 38.3 -90.2 38.1 -90.0 38.0 -89.9 38.0 -89.7 37.7 -89.6 37.7 -89.5 37.5 -89.5 37.3 -89.4 37.1 -89.3 37.1 -89.1 37.0 -89.1 36.9 -89.1 36.7 -89.3 36.6 -89.5 36.5 -89.5 36.4 -89.6 36.3 -89.7 36.0 -89.7 35.9 -89.8 35.8 -90.0 35.7 -90.0 35.5 -90.1 35.4 -90.1 35.1 -90.2 35.0 -90.3 34.9 -90.4 34.9 -90.5 34.7 -90.6 34.5 -90.7 34.4 -90.9 34.3 -91.0 34.1 -91.2 33.7 -91.2 33.5 -91.1 33.2 -91.2 33.0 -91.1 33.0 -91.2 32.8 -91.0 32.6 -91.1 32.5 -90.9 32.3 -91.1 32.2 -91.1 32.0 -91.3 31.9 -91.4 31.6 -91.5 31.4 -91.6 31.3 -91.6 31.0 -91.5 30.8 -91.3 30.6 -91.1 30.3 -91.0 30.1 -90.8 30.1 -90.0 29.9 -90.0 29.8 -89.9 29.6 -89.4 29.2
